Node	PR	Degree	In-degree	Out-degree
1394	0.000019068335	12	3	9
2778	0.000138610815	96	56	40
6331	0.000063080908	31	16	15
17999	0.000046637948	10	7	3
122704	0.000065385638	93	32	61
54460	0.000075918189	101	60	41
2597	0.000227531019	302	153	149
2911	0.000032694225	25	5	20
4790	0.000386099504	275	153	122
79155	0.000062077340	29	24	5
6146	0.000183711429	264	156	108
101929876	0.000137210315	66	49	17
109	0.000013516584	33	5	28
27115	0.000017265070	21	11	10
1390	0.000037859106	47	14	33
84528	0.000176719978	98	63	35
324	0.000230869260	299	88	211
10982	0.000045267501	37	24	13
26268	0.000027683744	15	11	4
6500	0.000486798323	249	189	60
3609	0.000152852928	463	156	307
3954	0.000019760192	14	8	6
152485	0.000072696753	17	12	5
57504	0.000086736280	63	45	18
1537	0.000147391502	144	56	88
55967	0.000096301324	86	50	36
8452	0.000297581809	1226	103	1123
7278	0.000140526418	76	59	17
23392	0.000181384468	137	63	74
5687	0.000116527379	175	77	98
72462	0.000011549804	44	0	44
5573	0.000198303297	121	76	45
2355	0.000022324556	66	9	57
29922	0.000169706579	114	73	41
154796	0.000183714918	131	77	54
7408	0.000217848611	95	68	27
26039	0.000085189050	58	36	22
6597	0.000470279468	267	188	79
5347	0.000271702977	266	108	158
3297	0.000162712083	114	54	60
375056	0.000059992418	36	30	6
64419	0.000024108642	6	4	2
155871	0.000061370974	312	23	289
170575	0.000046516913	5	5	0
57154	0.000262436050	388	78	310
3309	0.000432619864	515	266	249
5501	0.000150973895	308	80	228
3189	0.000095139949	98	73	25
57162	0.000040326960	34	14	20
7321	0.000523845524	276	160	116
6498	0.000080230927	114	28	86
7329	0.000551637783	500	203	297
84281	0.000032246346	9	5	4
4654	0.000129160053	112	49	63
5879	0.000537969193	267	141	126
23568	0.000020288806	12	9	3
4193	0.000544412771	468	190	278
24149	0.000027216102	22	21	1
6631	0.000139393589	245	136	109
9775	0.000556847427	449	259	190
8570	0.000109214592	99	72	27
9757	0.000091323648	51	42	9
155908	0.000011549804	222	0	222
5034	0.000231835867	146	102	44
8559	0.000175981666	211	132	79
56850	0.000077883801	67	41	26
84445	0.000703166674	267	210	57
253461	0.000120062920	52	20	32
221	0.000026566103	77	21	56
84735	0.000069763868	30	15	15
261726	0.000100181816	42	31	11
5537	0.000053202143	61	41	20
554223	0.000017013474	19	1	18
79699	0.000060684300	20	19	1
9869	0.000432161930	161	133	28
121504	0.000209229172	149	81	68
2100	0.000104697869	138	33	105
6166	0.000036947535	25	21	4
4942	0.000043519396	52	29	23
231	0.000165775201	63	49	14
5071	0.000188164839	424	50	374
6129	0.000294158261	363	245	118
5300	0.000274344808	309	85	224
81628	0.000176422779	88	53	35
51755	0.000164621956	159	91	68
6434	0.000184201087	208	156	52
1855	0.000067004603	70	39	31
8312	0.000120573777	83	44	39
1410	0.000176658843	113	41	72
84309	0.000032827933	27	25	2
155030	0.000133753831	177	26	151
7175	0.000141795144	89	74	15
10488	0.000106412419	281	30	251
56475	0.000066338911	47	29	18
55630	0.000011549804	95	0	95
27333	0.000043400969	41	39	2
10534	0.000073936236	110	31	79
10963	0.000248895313	162	120	42
5978	0.000085616933	52	27	25
9662	0.000022113391	170	14	156
85459	0.000022469077	21	21	0
26173	0.000036371323	51	24	27
5430	0.000464384269	343	214	129
192669	0.000028718760	72	11	61
7846	0.000686913968	399	352	47
4067	0.000210543673	267	98	169
5329	0.000076142839	113	25	88
10206	0.000018594766	23	8	15
396	0.000139661532	98	51	47
23036	0.000019820657	8	8	0
10577	0.000034253188	14	12	2
4864	0.000047219748	12	10	2
56041	0.000011549804	104	0	104
10160	0.000030619454	22	22	0
9045	0.000538589001	370	216	154
6141	0.000220361825	335	201	134
2091	0.000165625596	387	119	268
6229	0.000326309942	240	192	48
6919	0.000041703689	141	27	114
386682	0.001897863913	476	449	27
79008	0.000043912162	53	11	42
11218	0.000070178206	148	51	97
3934	0.000044020484	63	15	48
79005	0.000164529366	148	94	54
220004	0.000143490903	70	53	17
9039	0.000083129968	40	21	19
51506	0.000079475721	48	27	21
10487	0.000079726628	47	22	25
10724	0.000063686062	34	21	13
6622	0.000502907978	388	79	309
68194	0.000012963316	1	1	0
51619	0.000065693128	104	20	84
51255	0.000057221711	27	20	7
30011	0.000240900765	290	81	209
10300	0.000035175809	16	9	7
57520	0.000022611494	291	9	282
58525	0.000065921719	57	41	16
6884	0.000090125667	39	23	16
6874	0.000119586042	67	44	23
55069	0.000013624875	20	4	16
5311	0.000051041490	39	23	16
5604	0.000161933519	113	69	44
8837	0.000147185392	63	45	18
7189	0.001235859949	550	359	191
23193	0.000105442117	96	60	36
11007	0.000148627664	148	60	88
51207	0.000020739259	13	6	7
4329	0.000051906696	52	33	19
84264	0.000060661548	27	25	2
550	0.000047092643	64	32	32
55251	0.000041356562	11	8	3
3320	0.000726402316	898	307	591
91607	0.000017498334	14	13	1
56086	0.000013986701	62	1	61
27107	0.000024135152	16	15	1
4653	0.000023648381	44	2	42
3543	0.000025063456	7	5	2
55914	0.000082421871	97	43	54
4163	0.000241603862	306	98	208
5558	0.000055489909	36	25	11
7150	0.000375769724	277	188	89
29843	0.000038078355	43	22	21
147923	0.000045967313	15	10	5
3339	0.000059612953	48	33	15
351	0.012151213557	2130	1984	146
9688	0.000294014175	121	112	9
55273	0.000041679046	6	4	2
6477	0.000170529360	177	71	106
5932	0.000097055354	61	44	17
23197	0.000126671252	190	53	137
79751	0.000037533615	32	27	5
58	0.000378989770	198	142	56
84962	0.000061672907	40	24	16
7453	0.000133529674	64	43	21
56474	0.000059331206	28	21	7
11140	0.000274969941	309	143	166
57684	0.000050423567	32	22	10
10801	0.000068011546	60	39	21
9217	0.000140945144	137	59	78
283933	0.000011684521	3	1	2
337967	0.000609085009	186	161	25
5910	0.000138804941	67	44	23
57826	0.000017341682	10	5	5
27292	0.000059795327	145	56	89
6132	0.000301047675	348	217	131
4914	0.000138930386	1963	27	1936
4292	0.000112930082	198	40	158
5310	0.000041792977	39	14	25
87	0.000280684990	162	107	55
3172	0.000155349706	104	42	62
96764	0.000021413479	33	11	22
4869	0.000345620253	744	225	519
11316	0.000095113046	57	40	17
10420	0.000013007411	5	2	3
56045	0.000011549804	10	0	10
26097	0.000051361098	46	39	7
347733	0.000062801296	95	46	49
23398	0.000044088266	166	48	118
2483	0.000037914476	89	31	58
10313	0.000048006139	37	19	18
6252	0.000038753464	12	6	6
23476	0.000080993433	76	25	51
1024	0.000078620633	135	35	100
5198	0.000167264814	75	43	32
823	0.000137235963	110	54	56
1408	0.000045572206	180	19	161
3312	0.000671352487	598	349	249
55844	0.000058649374	57	31	26
6829	0.000250114198	146	102	44
20174	0.000011753654	51	1	50
10467	0.000028436949	45	20	25
4004	0.000028125826	96	15	81
127933	0.000029995274	13	7	6
55366	0.000060219926	199	7	192
23310	0.000056093970	49	30	19
23138	0.000041054523	31	19	12
23623	0.000070987929	82	36	46
5110	0.000067857487	113	52	61
7077	0.000052181256	26	18	8
11052	0.000077212727	218	69	149
57819	0.000163170101	210	134	76
8353	0.000079970291	240	41	199
6231	0.000241111406	151	123	28
10528	0.000061059196	256	49	207
23521	0.000193539991	273	131	142
132625	0.000023595458	11	5	6
6045	0.000216769983	754	89	665
4841	0.000160415985	191	114	77
79659	0.000030353983	22	21	1
23385	0.000053022947	132	19	113
84898	0.000096734975	13	13	0
867	0.000379317498	274	141	133
4690	0.000339503400	267	124	143
9924	0.000028817249	343	6	337
6147	0.000252592220	307	192	115
4343	0.000092065784	1178	113	1065
120892	0.000038144992	152	8	144
43736	0.000011778583	1	1	0
9129	0.000574110354	279	214	65
149041	0.000015068576	18	5	13
7327	0.000139347142	56	31	25
1026	0.000209155320	310	65	245
1	0.000026279512	12	9	3
79850	0.000014365179	3	2	1
6520	0.000122219449	60	47	13
84129	0.000177157018	53	50	3
7284	0.000319874266	243	161	82
139341	0.000058475940	15	15	0
9318	0.000133403970	123	63	60
3646	0.000136780389	169	87	82
6259	0.000013863203	78	7	71
5591	0.000276311064	310	194	116
230967	0.000011549804	6	0	6
4750	0.000032095052	25	12	13
66877	0.000012072280	25	1	24
58509	0.000100163016	167	108	59
200879	0.000011549804	49	0	49
51148	0.000030417186	41	23	18
79172	0.000053677474	66	30	36
64105	0.000079817066	54	36	18
4188	0.000249542672	437	78	359
7866	0.000025311145	19	17	2
29114	0.000070458838	35	15	20
25932	0.000081817258	53	24	29
1717	0.000038794319	114	33	81
293	0.000091863289	207	95	112
57596	0.000063852787	59	37	22
126868	0.000058552682	21	13	8
6144	0.000199406375	300	177	123
6122	0.000227104346	257	162	95
6137	0.000215044745	358	195	163
81876	0.000154719791	80	35	45
1432	0.000142409472	327	55	272
2004	0.000017502442	19	4	15
51073	0.000053809892	159	40	119
51650	0.000055722965	90	47	43
25824	0.000100601962	80	53	27
57532	0.000064411071	81	41	40
7014	0.000123988577	265	39	226
203245	0.000018368430	7	7	0
8503	0.000104610219	137	48	89
54906	0.000066099689	56	39	17
6118	0.000166822612	471	89	382
5981	0.000129208262	94	67	27
5042	0.000062421059	126	61	65
255967	0.000023871893	10	9	1
1739	0.000144189365	94	37	57
9229	0.000101618351	33	24	9
84140	0.000239748526	137	100	37
164127	0.000118175691	45	38	7
5564	0.000299116722	181	102	79
286480	0.000066845945	61	16	45
10664	0.000062634311	53	23	30
3146	0.000131920295	114	59	55
56254	0.000097178797	81	55	26
51322	0.000057800430	39	29	10
7514	0.000432058901	1254	173	1081
4733	0.000064186884	49	34	15
51729	0.000097841055	173	98	75
79228	0.000148758045	158	120	38
10573	0.000050168488	111	21	90
6183	0.000080594284	93	59	34
8428	0.000080291458	82	33	49
11011	0.000043001168	27	20	7
1738	0.000062278084	111	30	81
2109	0.000058315139	25	20	5
11051	0.000085317725	268	77	191
3066	0.000627924386	385	237	148
7153	0.000240414163	164	137	27
22608	0.000012249679	56	1	55
1660	0.000177199397	527	160	367
388697	0.000058499313	87	52	35
81910	0.000011549804	218	0	218
53339	0.000040517587	25	18	7
28964	0.000148896213	78	48	30
156	0.000083485089	101	36	65
8227	0.000024896499	23	12	11
80321	0.000692054199	268	194	74
23168	0.000082701730	40	23	17
23336	0.000021010377	18	10	8
1837	0.000049425611	38	12	26
5571	0.000068059134	57	23	34
347688	0.000059323451	50	47	3
6676	0.000021075360	24	6	18
503497	0.000089293964	21	20	1
6390	0.000084166821	90	33	57
5018	0.000087143816	64	39	25
8237	0.000111649129	133	62	71
801	0.000492692628	522	205	317
94180	0.000012892992	1	1	0
5733	0.000018195704	115	4	111
80125	0.000222204440	155	122	33
6160	0.000241226699	277	180	97
6207	0.000336384433	350	247	103
9261	0.000106926625	68	42	26
51465	0.000037272263	44	19	25
10492	0.000183500045	459	127	332
339344	0.000109936506	36	28	8
6098	0.000020997529	9	5	4
5781	0.000342714607	173	122	51
4223	0.000334323419	687	105	582
8675	0.000033939429	18	12	6
23790	0.000011971188	146	1	145
154810	0.000061664748	36	31	5
6310	0.000099086868	301	31	270
440	0.000106634627	82	44	38
5184	0.000043304046	40	18	22
6195	0.000170161882	113	62	51
10073	0.000040338397	30	8	22
8022	0.000065512935	79	29	50
83543	0.000016366906	7	7	0
27153	0.000018703440	13	5	8
171483	0.000741151595	132	126	6
51019	0.000052907943	62	26	36
200081	0.000307586822	139	117	22
6143	0.000179950470	264	156	108
8886	0.000203014275	189	116	73
9099	0.000123715528	169	50	119
83878	0.000521461518	230	162	68
155945	0.000030757520	63	6	57
7037	0.000143185327	107	86	21
8945	0.000244562716	351	105	246
2175	0.000043091437	85	21	64
26121	0.000169353890	281	132	149
7379	0.000024569348	14	4	10
8600	0.000071159346	41	15	26
6813	0.000072250718	29	24	5
6844	0.000242418684	88	69	19
663	0.000018689002	34	7	27
10613	0.000038224153	53	38	15
4627	0.000235725292	341	105	236
5756	0.000046823759	56	36	20
5216	0.000067792446	81	48	33
54557	0.000347618977	182	70	112
55027	0.000050937640	32	31	1
80279	0.000073810742	48	23	25
23376	0.000030361812	26	17	9
661	0.000027761514	36	11	25
246184	0.000106576705	35	30	5
51434	0.000117799318	75	64	11
1208	0.000011549804	3	0	3
5406	0.000025010563	12	7	5
4691	0.000352974722	436	241	195
7307	0.000491530013	348	278	70
128553	0.000040911753	20	16	4
84248	0.000057930927	59	23	36
579	0.000017552041	14	4	10
7091	0.000074366992	32	24	8
4694	0.000031169223	60	17	43
4710	0.000073925797	79	55	24
2296	0.000028931341	47	15	32
57459	0.000151591211	95	67	28
57418	0.000127075311	144	89	55
55294	0.000169296276	180	55	125
29079	0.000175189655	368	80	288
975	0.000156813349	217	39	178
6155	0.000198650850	231	137	94
4141	0.000094440531	84	57	27
7030	0.000076106270	52	34	18
7917	0.000418472053	300	158	142
84292	0.000196441035	195	121	74
64949	0.000120466674	117	88	29
55720	0.000437644852	118	107	11
2118	0.000033338904	21	10	11
4811	0.000123974527	26	18	8
60490	0.000038589099	20	11	9
705	0.000074449059	178	25	153
8548	0.000047897570	107	36	71
79843	0.000061380828	62	33	29
5350	0.000021153611	35	8	27
203562	0.000758218190	132	107	25
10014	0.000168405940	368	60	308
99100	0.000011549804	81	0	81
9886	0.000015533486	7	6	1
68734	0.000011549804	17	0	17
988	0.000418394731	326	189	137
138046	0.000066288154	45	20	25
1993	0.000024862897	22	15	7
3881	0.000144434638	375	83	292
5694	0.000105511465	93	56	37
10055	0.000104065417	66	38	28
7533	0.000609544733	341	236	105
5062	0.000197447085	152	78	74
79902	0.000056187600	58	38	20
9972	0.000155738871	121	70	51
9948	0.000139380762	99	70	29
8761	0.000185926960	142	113	29
1875	0.000033717246	17	8	9
10672	0.000082070744	57	34	23
7046	0.000497453137	319	135	184
56455	0.000013689996	67	2	65
140710	0.000055557783	35	33	2
132141	0.000011549804	16	0	16
2052	0.000037955031	29	20	9
1457	0.000244483852	613	136	477
10772	0.000075510173	149	60	89
81833	0.000011549804	60	0	60
5337	0.000092874707	52	34	18
131	0.000016263143	24	3	21
224	0.000054389311	106	50	56
9136	0.000053239658	34	26	8
55272	0.000058536515	37	26	11
286753	0.000374828455	58	49	9
25945	0.000037446351	41	19	22
56288	0.000091003028	84	43	41
3183	0.000146827391	384	158	226
9863	0.000108670774	27	21	6
84630	0.000039314291	9	4	5
4695	0.000060519551	110	47	63
4707	0.000038066757	58	29	29
26227	0.000063973534	126	62	64
2885	0.000796512621	1079	273	806
8451	0.000386364504	381	150	231
9169	0.000031037242	34	15	19
6602	0.000205091789	205	89	116
64599	0.000060869990	48	36	12
6772	0.000469034538	223	152	71
7852	0.000097377209	49	31	18
10236	0.000156217706	273	109	164
1398	0.000130385057	377	60	317
166	0.000041300359	299	21	278
54915	0.000079679421	62	53	9
221150	0.000038147287	39	18	21
64210	0.000054526566	193	41	152
64428	0.000026618654	8	7	1
50875	0.000012175039	89	2	87
85464	0.000030231591	25	24	1
54487	0.000036471573	62	31	31
9987	0.000121227839	128	78	50
57082	0.000043757402	40	34	6
5478	0.000162510732	114	76	38
79800	0.000019288363	5	4	1
1994	0.000084361756	1864	70	1794
6175	0.000274617049	344	226	118
51362	0.000078722404	177	92	85
9444	0.000067999265	67	29	38
8939	0.000066612356	65	53	12
2593	0.000028508587	12	9	3
10667	0.000080131581	75	39	36
170954	0.000251210626	105	92	13
8894	0.000097836428	74	48	26
9493	0.000189061872	100	76	24
2130	0.000170674780	696	103	593
2185	0.000146094543	90	41	49
84527	0.000013691575	7	2	5
386680	0.000543876629	137	127	10
84996	0.000024030649	14	8	6
337879	0.000194592380	70	64	6
64326	0.000071793867	79	23	56
8454	0.000520232953	761	211	550
23405	0.000128075290	221	78	143
4839	0.000175657727	141	90	51
6193	0.000327473958	282	214	68
282322	0.000011549804	4	0	4
6462	0.000051775163	63	7	56
63893	0.000116699044	77	59	18
2542196	0.000013142891	1	1	0
6634	0.000194862257	221	168	53
74764	0.000011549804	7	0	7
3799	0.000150189279	128	66	62
6733	0.000068389901	458	29	429
8926	0.000129953596	35	33	2
55064	0.000011549804	3	0	3
2802	0.000066343938	40	31	9
282323	0.000011549804	6	0	6
5577	0.000074596974	69	30	39
151194	0.000032637754	25	9	16
3313	0.000221652645	264	160	104
83660	0.000115421523	30	29	1
23543	0.000100039987	108	57	51
6311	0.000070458218	62	45	17
595	0.000165894928	110	58	52
5000	0.000102340335	45	34	11
10450	0.000043245103	178	24	154
3550	0.000120920566	195	88	107
23345	0.000097724100	174	58	116
6134	0.000167354991	446	154	292
1677	0.000019723815	14	9	5
4082	0.000059227931	45	29	16
10399	0.000196686430	284	129	155
920	0.000178563942	123	47	76
2624	0.000035786544	63	17	46
161882	0.000023738098	10	6	4
4240	0.000014687275	6	3	3
3693	0.000057926456	67	29	38
85451	0.000091763123	295	26	269
54940	0.000041842632	28	26	2
2335	0.000160886963	790	64	726
6218	0.000198264769	174	135	39
23243	0.000066876363	99	39	60
8897	0.000028745560	14	12	2
3727	0.000062241476	54	34	20
4779	0.000056007469	27	17	10
226	0.000122452919	139	82	57
10551	0.000079981131	60	28	32
80012	0.000054001614	30	22	8
51400	0.000084108075	92	28	64
1936	0.000192388756	164	82	82
51265	0.000038210765	32	18	14
26088	0.000071145742	64	23	41
56970	0.000088264446	30	4	26
389856	0.000015710832	3	3	0
55832	0.000104979677	698	64	634
1832	0.000094083773	112	67	45
5079	0.000042474385	54	19	35
639	0.000045128481	27	16	11
861	0.000126007328	100	53	47
84705	0.000067239985	22	17	5
26003	0.000196925525	143	78	65
6117	0.000334640840	492	132	360
5557	0.000050673566	37	28	9
10449	0.000086377647	55	33	22
6342	0.000039476276	42	15	27
22974	0.000049906393	45	29	16
3551	0.000234319285	222	100	122
23081	0.000015967661	10	5	5
3065	0.000859268274	609	306	303
64112	0.000047095582	26	16	10
84217	0.000126859540	52	32	20
7112	0.000097020044	119	78	41
1105	0.000042862585	32	26	6
220134	0.000049176027	51	19	32
3796	0.000106062324	71	26	45
10266	0.000017292063	10	3	7
10268	0.000024121838	17	6	11
80067	0.000018850599	7	5	2
8450	0.000226468347	382	88	294
16319	0.000011549804	6	0	6
284119	0.000192081283	79	69	10
64757	0.000016937783	15	5	10
84084	0.000013519945	3	2	1
10140	0.000041259423	47	11	36
26229	0.000020636362	28	3	25
9554	0.000051528591	75	46	29
10875	0.000011549804	11	0	11
10007	0.000055525832	44	20	24
1891	0.000054539801	75	35	40
56922	0.000073863554	22	22	0
5549	0.000028536607	17	4	13
80746	0.000074800558	26	15	11
27000	0.000061685998	20	11	9
7535	0.000141120355	69	49	20
10598	0.000062088840	167	26	141
10575	0.000251287395	188	160	28
5272	0.000024464995	37	9	28
10980	0.000214320824	319	94	225
6320	0.000013717756	35	1	34
4928	0.000124377836	92	76	16
57062	0.000125143785	130	73	57
11103	0.000071387697	139	46	93
2689	0.000011549804	3	0	3
23173	0.000042665753	16	13	3
2308	0.000075710215	74	33	41
3219	0.000026145087	81	20	61
11340	0.000092524409	103	50	53
116071	0.000038333012	29	17	12
375	0.000098755380	97	36	61
55738	0.000078766287	45	29	16
5985	0.000122550083	86	64	22
4951	0.000016058164	6	4	2
157506	0.000019100679	10	4	6
57665	0.000033920687	10	8	2
286075	0.000027081429	61	8	53
64969	0.000216964659	178	136	42
27373	0.000011549804	37	0	37
3190	0.000238114644	365	176	189
55504	0.000015968106	13	2	11
84894	0.000038183505	21	17	4
128308	0.000064047270	101	46	55
740	0.000190817726	110	97	13
3691	0.000065610725	83	33	50
118460	0.000038069513	54	28	26
51079	0.000120841838	94	62	32
2273	0.000029853441	42	13	29
9659	0.000099909559	102	56	46
4809	0.000124750167	343	123	220
9410	0.000254985069	202	162	40
8834	0.000032809001	25	16	9
89885	0.000365774604	91	70	21
11035	0.000106238845	113	16	97
2074	0.000066246109	55	24	31
56292	0.000011549804	37	0	37
1785	0.000100610264	137	66	71
26413	0.000013654639	4	1	3
8462	0.000038283007	20	13	7
9883	0.000085136920	71	50	21
8449	0.000206818698	183	137	46
30846	0.000033999398	24	6	18
7412	0.000042197550	444	6	438
16	0.000081918433	55	29	26
22806	0.000102410288	161	66	95
84619	0.000360722002	69	51	18
8339	0.000060243183	244	31	213
10902	0.000055402096	46	29	17
9400	0.000063535613	52	25	27
9401	0.000032760875	22	20	2
55147	0.000029470535	42	14	28
23513	0.000063780465	60	47	13
64225	0.000013897676	22	5	17
7086	0.000175256604	152	81	71
5358	0.000089168588	56	38	18
26240	0.000058316858	48	28	20
116541	0.000026888219	85	16	69
79446	0.000026959460	31	15	16
84518	0.000030065729	17	12	5
6235	0.000179954591	155	107	48
57410	0.000041122573	36	20	16
144108	0.000030887192	12	12	0
2258	0.000094143084	8	5	3
3945	0.000120549254	155	74	81
1655	0.000197582001	447	175	272
9416	0.000243047413	205	168	37
79590	0.000219741853	117	95	22
54148	0.000112341232	112	49	63
51375	0.000027384495	18	10	8
8354	0.000113861460	65	50	15
8361	0.000235457758	104	91	13
23607	0.000162775449	116	68	48
2932	0.000304933962	360	96	264
9627	0.000083092747	29	18	11
1004	0.000014015637	6	1	5
28513	0.000013944038	1	1	0
11228	0.000045592764	52	24	28
5108	0.000099216059	269	93	176
695	0.000163547934	121	53	68
498	0.000180181991	213	134	79
9968	0.000131738564	92	49	43
9412	0.000258814938	106	84	22
8481	0.000153850140	272	75	197
9135	0.000129671413	81	45	36
175	0.000011928040	11	2	9
3043	0.000122576299	40	36	4
11346	0.000053085771	171	36	135
474168	0.000011549804	1	0	1
7976	0.000076203721	6	6	0
10189	0.000121973103	250	74	176
2072	0.000380812370	103	34	69
6950	0.000439572903	289	258	31
6184	0.000502078715	262	204	58
6176	0.000261876228	251	174	77
355	0.000102455246	119	29	90
27159	0.000014236000	21	1	20
54820	0.000055310857	58	30	28
11461	0.000030182059	181	4	177
9330	0.000127412169	61	53	8
57614	0.000038616703	9	8	1
8453	0.000463885657	507	131	376
4925	0.000031839025	25	12	13
10250	0.000073530293	277	52	225
57727	0.000055687921	45	36	9
865	0.000187686493	43	33	10
9139	0.000072866350	36	22	14
10152	0.000170979597	182	78	104
170394	0.000015917413	4	3	1
9491	0.000052222929	50	26	24
84708	0.001112131253	495	321	174
10921	0.000151690703	301	86	215
10197	0.000193245418	193	99	94
112399	0.000088340697	42	22	20
468	0.000075392006	87	30	57
22144	0.000011549804	68	0	68
7267	0.000047300619	30	29	1
1203	0.000020878333	49	10	39
292	0.000121251315	333	135	198
8775	0.000106830756	56	34	22
359845	0.000015729032	5	2	3
84988	0.000090892670	45	31	14
51776	0.000068417178	50	24	26
27023	0.000016671170	133	3	130
55052	0.000098923500	101	64	37
6181	0.000165589261	191	120	71
6224	0.000335318506	259	180	79
7277	0.000384132897	215	178	37
9070	0.000261505634	94	74	20
5936	0.000133762054	155	96	59
83939	0.000186289389	111	80	31
9343	0.000548077230	292	267	25
94104	0.000228132344	139	130	9
8021	0.000110790458	82	63	19
10097	0.000098763960	159	71	88
55197	0.000071423621	44	33	11
8087	0.000189993346	168	124	44
55833	0.000040993465	25	20	5
6777	0.000159957818	80	52	28
79892	0.000083780610	40	29	11
51379	0.000018935250	18	6	12
81704	0.000057402291	39	25	14
27254	0.000013713972	3	2	1
3868	0.000080019075	99	50	49
3889	0.000020979902	39	13	26
10884	0.000041280144	106	21	85
84311	0.000252426802	109	95	14
249	0.000012073644	7	3	4
51474	0.000057587344	202	65	137
525	0.000040097864	97	15	82
3329	0.000277875618	377	214	163
6613	0.000197944654	258	80	178
84842	0.000011549804	14	0	14
7314	0.000502275704	256	210	46
29966	0.000065413574	80	41	39
170082	0.000407649052	116	101	15
10870	0.000015385655	10	2	8
79465	0.000018320974	9	8	1
1031	0.000026056019	48	10	38
51129	0.000032307208	13	12	1
57379	0.000052861775	64	18	46
5223	0.000117261560	54	28	26
71	0.000255434841	185	145	40
93661	0.000017365807	2	2	0
20403	0.000011549804	21	0	21
1622	0.000042035213	25	17	8
10970	0.000072398550	83	75	8
7430	0.000211532985	174	85	89
57716	0.000023734953	9	8	1
3032	0.000086403684	103	70	33
79180	0.000023322274	32	16	16
202051	0.000075799279	31	23	8
386675	0.000987923658	290	269	21
10716	0.000011549804	4	0	4
9641	0.001203131383	390	335	55
1287	0.000041217339	35	20	15
22918	0.000036311948	26	13	13
3915	0.000054515887	35	25	10
3912	0.000090435638	39	34	5
6262	0.000051361323	31	20	11
5500	0.000150181938	253	73	180
580	0.000190098142	280	39	241
4436	0.000144820282	130	73	57
2617	0.000169422279	97	60	37
7511	0.000135793936	71	44	27
4172	0.000187882287	128	81	47
7415	0.000515905862	608	198	410
25839	0.000047787764	27	21	6
5152	0.000034477857	56	25	31
8270	0.000050347766	62	22	40
27339	0.000193086204	272	138	134
84687	0.000070790571	56	43	13
5499	0.000218078056	354	133	221
7525	0.000238145928	154	109	45
51134	0.000038032778	22	14	8
90525	0.000014024193	2	2	0
1741	0.000082933871	86	25	61
8914	0.000096094682	30	19	11
5111	0.000451009510	388	183	205
64960	0.000210608401	168	139	29
51253	0.000057440992	115	46	69
4088	0.000394498302	415	137	278
4774	0.000042583294	45	17	28
5048	0.000144913655	72	48	24
10939	0.000073350235	55	45	10
54477	0.000110068684	83	43	40
27346	0.000021257910	16	7	9
55379	0.000082231574	149	88	61
10933	0.000107775105	130	48	82
3837	0.000283971846	338	183	155
10905	0.000014193880	11	4	7
11253	0.000016222561	8	5	3
51747	0.000091030607	179	104	75
6628	0.000245829664	315	205	110
50628	0.000214669237	271	136	135
9820	0.000074119971	647	28	619
871	0.000117709892	91	53	38
229841	0.000011549804	83	0	83
116447	0.000023249647	12	12	0
8290	0.000398136644	252	122	130
5335	0.000380843352	279	163	116
5921	0.000249470042	95	57	38
85302	0.000389208864	235	138	97
84254	0.000043928437	31	14	17
5562	0.000148603537	179	70	109
125988	0.000027042539	17	9	8
346157	0.000083186653	14	12	2
55729	0.000175953245	91	59	32
7532	0.001018648992	540	308	232
9516	0.000050532038	43	17	26
23327	0.000220777735	190	67	123
9618	0.000145563564	150	68	82
10392	0.000032677658	30	12	18
4174	0.000095151380	302	64	238
1290	0.000020538643	9	4	5
780	0.000050565072	26	18	8
5450	0.000030441248	62	15	47
353332	0.000210077238	59	47	12
7529	0.000576127125	396	182	214
3831	0.000118647623	75	45	30
4168	0.000031306550	24	9	15
6837	0.000103220431	42	30	12
64753	0.000160663879	135	82	53
79165	0.000094388877	76	56	20
84437	0.000020211553	10	7	3
2342	0.000038114957	45	10	35
30012	0.000112761811	85	39	46
79759	0.000048321213	29	25	4
5208	0.000033529014	36	13	23
51538	0.000046213324	27	20	7
63875	0.000096011157	100	70	30
92181	0.000037100708	17	7	10
387867	0.000016093533	10	10	0
9798	0.000056767590	47	33	14
8906	0.000055674896	21	16	5
26270	0.000015207453	622	6	616
55573	0.000021997997	44	5	39
6238	0.000058892789	48	42	6
728113	0.000013415941	7	6	1
145226	0.000031626543	28	7	21
222642	0.000088749211	17	16	1
4985	0.000028894990	39	10	29
5578	0.000519586366	393	213	180
1312	0.000020685784	39	10	29
4129	0.000055385610	49	31	18
6604	0.000125607500	66	39	27
23542	0.000142717571	92	19	73
6590	0.000057665358	15	10	5
55697	0.000141083393	121	62	59
80778	0.000047944493	36	26	10
5894	0.000309338593	207	125	82
598	0.000139332883	110	47	63
4122	0.000015207205	19	9	10
1107	0.000334571890	188	124	64
5997	0.000053315265	64	13	51
23354	0.000049641397	36	35	1
5204	0.000128196186	185	60	125
79722	0.000018514745	13	5	8
57805	0.000173247211	121	89	32
56946	0.000069961844	35	29	6
5094	0.000190990329	195	126	69
6203	0.000450203979	368	287	81
23281	0.000247453426	359	129	230
1650	0.000194480415	176	86	90
3703	0.000034274099	29	22	7
1019	0.000130507530	203	58	145
862	0.000075927523	103	27	76
171482	0.000104189128	48	25	23
1659	0.000055767492	211	62	149
51503	0.000088715656	189	94	95
672	0.000883245178	607	201	406
5630	0.000049803694	48	25	23
192666	0.000103440058	43	36	7
3336	0.000261528090	137	94	43
5931	0.000394797271	230	153	77
2316	0.000191999031	359	138	221
23524	0.000193271214	330	126	204
4361	0.000200926769	128	99	29
2237	0.000119962140	60	45	15
3885	0.000059163357	268	40	228
2887	0.000079540428	60	26	34
5626	0.000166491802	367	59	308
27327	0.000061403976	61	34	27
53981	0.000105686918	80	47	33
6883	0.000223582451	87	75	12
84823	0.000080216467	61	55	6
283234	0.000194379373	42	40	2
1630	0.000038659712	43	8	35
36	0.000072937594	47	30	17
549	0.000058576613	27	23	4
7417	0.000358050681	191	152	39
8662	0.000256131239	140	118	22
126328	0.000024428514	64	9	55
4700	0.000047237535	62	29	33
27303	0.000011549804	9	0	9
51335	0.000029854253	16	16	0
9189	0.000091278227	62	30	32
9533	0.000472659532	261	176	85
24812	0.000011549804	5	0	5
811	0.000223880596	156	109	47
5159	0.000163065270	109	52	57
4040	0.000093985927	40	25	15
8260	0.000087719814	70	31	39
1499	0.000583368083	395	191	204
5494	0.000083656725	55	42	13
3275	0.000041906262	58	14	44
6256	0.000297047026	154	101	53
10892	0.000057838096	41	12	29
8792	0.000033477061	18	9	9
5826	0.000019195536	5	3	2
2547	0.000466743374	283	211	72
54623	0.000132774797	58	43	15
27005	0.000046691988	81	10	71
57673	0.000022796094	22	15	7
10138	0.000037769500	52	16	36
4638	0.000077041687	62	28	34
58506	0.000042139419	19	17	2
9448	0.000826126627	69	58	11
90850	0.000071236656	32	29	3
55696	0.000112477352	188	116	72
1514	0.000066267374	43	13	30
51213	0.000032841009	99	14	85
57187	0.000083635370	221	100	121
3480	0.000151011433	91	30	61
55816	0.000034071205	24	11	13
3718	0.000107453230	92	29	63
3932	0.000235717809	254	100	154
54715	0.000046550940	48	12	36
23201	0.000063344154	66	30	36
4118	0.000021821715	32	6	26
51338	0.000016859100	9	5	4
9919	0.000110666558	157	85	72
8218	0.000060968965	53	46	7
137492	0.000050489716	14	8	6
23028	0.001100633600	372	276	96
3417	0.000067559928	57	31	26
387082	0.000120880819	80	44	36
79867	0.000015896962	211	12	199
147007	0.000019225021	16	15	1
283989	0.000090904838	24	21	3
440295	0.002286937777	212	209	3
5708	0.000259685964	248	155	93
6210	0.000338978007	331	238	93
114928	0.000153789332	96	43	53
55700	0.000026110170	28	24	4
10482	0.000110783375	1151	66	1085
79026	0.000124308397	96	76	20
55689	0.000027826090	31	17	14
8848	0.000487788003	169	97	72
58477	0.000141779394	146	76	70
23636	0.000196683399	138	76	62
3836	0.000149528975	131	71	60
5359	0.000078171341	130	43	87
153090	0.000085711084	35	26	9
1387	0.000413088845	398	142	256
2623	0.000074779843	109	29	80
51324	0.000286809905	139	72	67
10215	0.000012043389	8	2	6
30812	0.000032701837	19	11	8
995	0.000088606968	44	32	12
7534	0.001255499448	660	423	237
8697	0.000116041759	152	75	77
79001	0.000018632795	96	14	82
5728	0.000112626018	244	44	200
6191	0.000500213478	358	287	71
7804	0.000046465882	39	13	26
84514	0.000023149921	11	11	0
7879	0.000152493601	182	75	107
57403	0.000038014501	16	12	4
22981	0.000080456519	211	23	188
26058	0.000090640862	68	40	28
11156	0.000048271169	100	8	92
55735	0.000052359946	46	25	21
22955	0.000045734611	37	23	14
8467	0.000514770901	213	172	41
6944	0.000122207134	65	51	14
11077	0.000235747016	277	101	176
9744	0.000036864030	15	10	5
25978	0.000066372320	55	39	16
115416	0.000040207361	20	18	2
51510	0.000065650780	49	26	23
7644	0.000019884978	6	5	1
5250	0.000146606849	311	149	162
6135	0.000362540250	382	235	147
2055	0.000011549804	30	0	30
57447	0.000014400163	12	4	8
30811	0.000024933698	8	6	2
1072	0.000222409679	166	98	68
11030	0.000163121188	238	93	145
167153	0.000027242427	8	7	1
69259	0.000011549804	87	0	87
9112	0.000235579528	126	89	37
10661	0.000013309949	22	2	20
6119	0.000083516566	397	41	356
203068	0.000418509587	361	222	139
6152	0.000242230895	333	209	124
54932	0.000022167102	17	8	9
284069	0.000052301199	36	28	8
6464	0.000286723938	277	117	160
4143	0.000033551668	11	4	7
219771	0.000018889933	18	10	8
1030	0.000023874198	24	6	18
83987	0.000028595602	545	14	531
23020	0.000241871272	375	180	195
1212	0.000104262130	80	50	30
2060	0.000177171041	159	82	77
23041	0.000025623103	16	11	5
5597	0.000322559557	280	74	206
7272	0.000080658121	69	46	23
3768	0.000011549804	17	0	17
51678	0.000035855856	40	20	20
55092	0.000018654357	27	7	20
84078	0.000096833480	84	39	45
3566	0.000021227439	24	6	18
9655	0.000027651798	10	8	2
2332	0.000080212539	161	60	101
6136	0.000198565476	285	168	117
67849	0.000011549804	19	0	19
9212	0.000259755563	178	70	108
6612	0.000366977885	183	123	60
5539	0.000011549804	2	0	2
5540	0.000021721880	4	3	1
8803	0.000167735215	50	41	9
11004	0.000042076255	63	28	35
9146	0.000323272894	355	143	212
90390	0.000096520608	51	29	22
81847	0.000031269289	40	12	28
7520	0.000262310543	231	137	94
2621	0.000016985148	8	6	2
558	0.000057292433	28	14	14
6871	0.000056358295	166	29	137
10025	0.000171208039	73	63	10
10436	0.000017111503	101	18	83
6194	0.000505644473	353	294	59
4236	0.000077640771	222	75	147
7536	0.000301759051	263	186	77
144165	0.000014996777	19	5	14
311055	0.000013206569	2	2	0
27044	0.000130873152	91	69	22
10987	0.000304131304	826	96	730
8607	0.000501274814	277	204	73
3198	0.000038432687	266	20	246
29964	0.000013681986	9	5	4
25998	0.000061651475	74	41	33
9188	0.000420193840	228	184	44
55667	0.000020240488	10	10	0
5706	0.000152686058	135	82	53
5702	0.000131600208	188	82	106
5695	0.000118899833	95	56	39
4522	0.000110982199	94	59	35
7298	0.000130447792	75	53	22
56257	0.000031119518	186	20	166
84132	0.000015810877	33	6	27
60488	0.000102392430	119	83	36
51222	0.000027098358	47	14	33
8932	0.000149255649	73	48	25
11329	0.000073807250	53	36	17
2079	0.000047534994	64	40	24
7517	0.000049070796	143	13	130
7031	0.000100172664	21	17	4
51035	0.000140985655	126	61	65
8882	0.000180697283	68	61	7
6599	0.000358456564	201	150	51
513	0.000100928961	41	22	19
509	0.000177870377	194	99	95
51645	0.000077832009	183	95	88
58517	0.000174609872	193	126	67
23199	0.000068240183	58	34	24
6233	0.000460141525	302	222	80
29979	0.000582074181	281	155	126
2288	0.000086902019	86	55	31
10728	0.000139445645	108	66	42
84661	0.000176936183	84	61	23
10565	0.000043356187	32	16	16
8343	0.000049213968	27	23	4
8915	0.000171737941	68	43	25
6161	0.000135769403	166	104	62
2077	0.000027979958	21	16	5
51097	0.000031413899	28	12	16
4301	0.000099582791	70	42	28
1080	0.000071369161	322	20	302
2195	0.000031474264	30	25	5
25843	0.000088423711	96	46	50
4171	0.000198395521	916	91	825
4086	0.000150570024	184	51	133
4762	0.000016931771	8	4	4
10531	0.000029777902	12	7	5
6182	0.000196295467	126	80	46
1639	0.000201087815	252	82	170
29944	0.000022942170	18	9	9
9531	0.000069201560	491	44	447
23498	0.000031531871	7	5	2
9738	0.000071902373	70	45	25
54516	0.000011549804	4	0	4
51409	0.000034041019	19	10	9
11269	0.000047296103	172	28	144
8349	0.000546951765	207	175	32
2064	0.000144709447	199	53	146
74155	0.000012426347	1	1	0
84186	0.000053925689	26	17	9
205564	0.000019856077	10	7	3
5568	0.000216097120	158	99	59
8621	0.000029629113	54	15	39
2783	0.000126521123	119	82	37
3150	0.000036771472	39	19	20
10991	0.000017032665	4	2	2
65005	0.000117161450	116	55	61
51263	0.000052636670	88	43	45
7319	0.000089724737	86	29	57
1029	0.000148041634	181	69	112
151636	0.000043281114	33	17	16
84733	0.000073859843	68	31	37
375791	0.002410922756	566	518	48
51547	0.000018376566	666	8	658
2120	0.000075812633	36	18	18
76804	0.000013065646	2	1	1
6423	0.000017051766	10	3	7
10296	0.000057402853	22	18	4
6714	0.001022618193	523	320	203
51792	0.000011549804	96	0	96
91010	0.000025587117	9	8	1
54870	0.000140044151	68	41	27
60682	0.000027771932	18	13	5
1676	0.000052164369	49	21	28
9958	0.000143604153	153	71	82
54927	0.000084147642	88	65	23
118	0.000043415936	79	34	45
3398	0.000046516676	72	19	53
8924	0.000114443268	222	62	160
146956	0.000071288815	33	32	1
54822	0.000033163067	25	20	5
22976	0.000141452988	266	26	240
10111	0.000084043357	119	82	37
1973	0.000079379582	98	64	34
10775	0.000021898429	23	10	13
11102	0.000031348443	26	9	17
8342	0.000284205257	121	114	7
51105	0.000026964575	32	14	18
53615	0.000148662467	142	81	61
4771	0.000056109762	66	30	36
6895	0.000153677546	114	72	42
99152	0.000011549804	36	0	36
996	0.000173579491	127	91	36
65125	0.000562823359	215	150	65
399511	0.000021279044	12	7	5
6492	0.000014329597	4	1	3
51194	0.000069362653	64	42	22
1810	0.000075755196	38	26	12
26580	0.000026143256	58	16	42
10066	0.000040253059	25	18	7
6421	0.000219837573	232	150	82
64840	0.000014549109	6	1	5
81029	0.000017912115	2	2	0
10919	0.000123715683	158	62	96
23269	0.000060304017	50	43	7
1778	0.000152680378	194	109	85
10048	0.000226620656	139	92	47
218	0.000023233411	52	19	33
659	0.000125309234	77	33	44
110648	0.000013988972	1	1	0
1017	0.000204824862	890	79	811
2801	0.000234388926	455	82	373
23450	0.000246057849	489	182	307
23517	0.000138007391	252	118	134
8407	0.000188339236	128	89	39
1938	0.000196238613	290	118	172
5602	0.000086937474	105	50	55
8528	0.000011908828	2	1	1
56289	0.000015253254	29	1	28
7168	0.000171556570	140	97	43
55198	0.000035302591	36	14	22
830	0.000083403706	270	67	203
773	0.000035860167	100	8	92
439	0.000079955416	46	30	16
142	0.000312498777	284	156	128
3884	0.000063725670	76	28	48
3888	0.000029604461	25	17	8
3306	0.000091836846	102	59	43
23254	0.000019312424	12	9	3
100529264	0.000011549804	4	0	4
7428	0.000689785364	464	190	274
5966	0.000311645713	387	133	254
245973	0.000031777101	31	10	21
387680	0.000032364402	32	24	8
100287171	0.000074342144	11	9	2
353139	0.000097063669	46	31	15
353140	0.000218065637	83	57	26
10419	0.000301343499	358	130	228
291	0.000039975083	68	33	35
9457	0.000050840907	77	26	51
84955	0.000015656751	31	7	24
167838	0.000170902826	58	49	9
220082	0.000431013750	107	98	9
3006	0.000063925787	88	54	34
10971	0.000238737660	462	127	335
59	0.000107154711	95	60	35
4734	0.000351205126	315	90	225
6189	0.000458864930	395	318	77
55971	0.000065226315	38	30	8
23096	0.000019724427	5	5	0
6732	0.000280835263	347	135	212
55584	0.000021374458	67	1	66
207	0.000290765179	376	110	266
67809	0.000012963316	77	1	76
51669	0.000046383604	26	20	6
3182	0.000083080724	100	78	22
8626	0.000159994919	141	45	96
9295	0.000244428300	198	145	53
1857	0.000067615503	190	37	153
1326	0.000048649053	72	15	57
5608	0.000058070720	37	24	13
16412	0.000011549804	40	0	40
9185	0.000122604920	33	30	3
23013	0.000059167427	184	59	125
6601	0.000338454362	188	146	42
3192	0.000301547592	691	247	444
23196	0.000038027551	41	41	0
1385	0.000153664513	196	57	139
8091	0.000041017689	28	12	16
1786	0.000128148993	107	54	53
7157	0.001587271369	999	482	517
2648	0.000163603733	133	70	63
71710	0.000011549804	29	0	29
10464	0.000078536608	145	78	67
8487	0.000406130091	180	159	21
253980	0.000058486483	29	18	11
5425	0.000061145652	43	24	19
3753	0.000012369702	6	2	4
3757	0.000067926564	29	11	18
3667	0.000123176711	120	49	71
857	0.000483921132	218	155	63
2734	0.000034366796	31	19	12
6314	0.000058559874	110	11	99
4147	0.000031685046	19	15	4
25788	0.000052268114	42	19	23
84832	0.000110963709	45	38	7
11060	0.000123763791	122	61	61
1605	0.000163820519	51	33	18
29896	0.000089585691	144	64	80
22794	0.000057684129	39	35	4
10949	0.000114193491	101	81	20
3021	0.000032992077	37	21	16
5928	0.000448535461	261	188	73
2786	0.000028385580	25	7	18
2793	0.000025621527	20	9	11
9984	0.000358173047	210	142	68
55596	0.000133594578	129	93	36
9113	0.000099962786	104	38	66
10413	0.000167244859	137	61	76
10252	0.000045733742	88	33	55
115752	0.000016029400	23	5	18
3479	0.000056201054	21	9	12
3490	0.000021297890	15	4	11
22832	0.000040187205	140	38	102
55559	0.000034779353	72	41	31
25930	0.000044384432	40	24	16
128866	0.000089383507	118	50	68
3815	0.000124761568	73	32	41
9402	0.000066013461	64	19	45
25920	0.000066705772	60	28	32
201931	0.000025637642	8	8	0
10133	0.000068851946	97	32	65
5468	0.000227841326	165	67	98
7205	0.000227481045	248	105	143
253827	0.000134464761	38	35	3
26354	0.000107002120	250	91	159
4666	0.000076990488	58	40	18
1937	0.000275006626	171	138	33
5774	0.000045697384	41	17	24
11116	0.000042137850	144	35	109
158	0.000132197773	66	48	18
932	0.000019788633	31	3	28
9074	0.000012177390	2	1	1
8740	0.000027976455	27	7	20
90196	0.000012742977	1	1	0
10813	0.000306980250	106	95	11
29911	0.000182963304	133	69	64
7185	0.000311526077	304	129	175
285093	0.000191118138	46	42	4
6430	0.000212516622	220	154	66
79002	0.000119140032	139	106	33
10526	0.000050416535	96	34	62
868	0.000113041921	79	43	36
10765	0.000053480032	62	14	48
2957	0.000069103447	71	27	44
140691	0.000106944764	43	31	12
284086	0.000053628376	41	12	29
5600	0.000070991226	93	43	50
7407	0.000127017560	88	73	15
6472	0.000203401566	453	72	381
11190	0.000040139057	242	20	222
25977	0.000032496939	18	11	7
6168	0.000270229766	241	170	71
25962	0.000108546790	180	75	105
5984	0.000153883824	96	83	13
1021	0.000042177066	158	20	138
5127	0.000031001221	46	18	28
9513	0.000334860944	237	163	74
9908	0.000062932608	67	42	25
5140	0.000038586912	39	32	7
5567	0.000285131816	217	133	84
3396	0.000047200224	246	20	226
8089	0.000094461550	106	36	70
157570	0.000082215897	28	27	1
388336	0.000132508318	15	15	0
9179	0.000027956682	37	9	28
95	0.000060401283	29	19	10
259215	0.000012907296	2	2	0
145508	0.000027487979	278	13	265
8573	0.000166182685	89	54	35
4090	0.000067413364	72	23	49
23451	0.000232970520	444	188	256
9131	0.000192134792	90	82	8
3303	0.000376457025	351	202	149
3559	0.000022244592	27	6	21
6776	0.000220227560	104	64	40
8335	0.000178743712	108	99	9
11034	0.000068380584	103	29	74
26284	0.000032469470	29	19	10
91137	0.000021398391	7	5	2
768	0.000011799536	31	1	30
11260	0.000062881084	50	34	16
225207	0.000011549804	2	0	2
9219	0.000405815491	169	138	31
22853	0.000032519774	13	10	3
10989	0.000227516958	269	120	149
9733	0.000428838631	241	187	54
11335	0.000167747319	166	73	93
29127	0.000130556080	135	57	78
93474	0.000065852739	22	16	6
126961	0.000341956258	117	78	39
5993	0.000105092676	26	17	9
4137	0.000311754012	133	84	49
4741	0.000047662120	37	22	15
4539	0.000021513487	54	10	44
9610	0.000061267293	51	29	22
3783746	0.000011549804	153	0	153
4736	0.000150443318	252	121	131
9221	0.000400754630	199	167	32
152185	0.000050342461	157	33	124
84946	0.000141788369	29	25	4
8874	0.000105809672	50	40	10
9731	0.000014896373	73	3	70
51633	0.000034496006	32	12	20
10973	0.000037478583	35	30	5
5429	0.000041537122	44	13	31
63922	0.000046049833	27	18	9
8767	0.000178652957	90	66	24
115207	0.000045204244	28	17	11
4629	0.000051087438	49	22	27
10096	0.000103753937	98	62	36
25060	0.000011549804	5	0	5
5730	0.000037381645	34	16	18
1490008	0.000011549804	4	0	4
5058	0.000185849812	159	67	92
7957	0.000025406528	21	8	13
90550	0.000034581491	19	16	3
10651	0.000015624753	26	9	17
25813	0.000077344411	36	25	11
5747	0.000316812629	198	107	91
55171	0.000016795491	9	7	2
386677	0.000371804348	114	106	8
22924	0.000058696566	50	28	22
90417	0.000063600797	44	40	4
114336	0.000056056352	41	24	17
284001	0.000799103089	130	119	11
197342	0.000012033716	4	1	3
57697	0.000031918322	37	19	18
65991	0.000039705967	21	18	3
7353	0.000124175953	86	50	36
29882	0.000073737131	64	45	19
4311	0.000079316856	155	40	115
9149	0.000079213072	66	18	48
221937	0.000075572542	82	34	48
9654	0.000022731261	4	4	0
4087	0.000278197247	392	111	281
51382	0.000063197313	46	29	17
2956	0.000125438417	87	47	40
5710	0.000241059287	200	113	87
2151	0.000017176481	15	6	9
2534	0.000416871162	408	158	250
4929	0.000036205490	33	10	23
5915	0.000058470724	35	21	14
5930	0.000101933030	87	49	38
3356	0.000035014124	22	9	13
2912	0.000024434593	14	5	9
10289	0.000022271232	171	8	163
6223	0.000328521840	233	171	62
51160	0.000221439705	68	39	29
613	0.000137081091	95	63	32
7105	0.000031062071	13	9	4
2671	0.000027368491	19	10	9
10920	0.000061060609	53	35	18
9851	0.000037877880	132	46	86
1856	0.000101214468	139	57	82
3676	0.000056924832	527	22	505
11236	0.000035686019	19	8	11
3638	0.000019707040	20	6	14
2804	0.000041306649	42	27	15
84105	0.000136458517	42	34	8
147700	0.000166836409	80	39	41
51334	0.000017294847	6	5	1
2067	0.000107441479	30	12	18
5893	0.000047631744	56	20	36
5092	0.000147087381	94	35	59
53353	0.000101917421	15	15	0
1892	0.000101395846	96	35	61
150472	0.000015589707	13	6	7
9525	0.000091661701	50	33	17
23107	0.000078423917	222	89	133
6188	0.000482157641	395	314	81
8464	0.000067130973	41	17	24
93624	0.000026684605	22	8	14
1400	0.000174560825	108	77	31
8445	0.000064402242	60	16	44
10539	0.000085449103	114	49	65
55156	0.000040016402	41	8	33
816	0.000105811222	88	43	45
6124	0.000293628997	326	227	99
28957	0.000105208439	111	54	57
51649	0.000121487789	183	100	83
51393	0.000011549804	2	0	2
7442	0.000028603080	12	6	6
23770	0.000040872662	102	35	67
6745	0.000196020033	99	72	27
50809	0.000039071575	71	44	27
6651	0.000134956815	78	69	9
137872	0.000014700708	24	1	23
2776	0.000227087540	87	61	26
4288	0.000059595776	58	48	10
6280	0.000091722123	88	54	34
6279	0.000059148353	52	34	18
90060	0.000166737778	95	74	21
93436	0.000025591286	56	16	40
80831	0.000025669227	7	7	0
8904	0.000194367464	52	38	14
4609	0.000389611186	581	109	472
23085	0.000071900345	66	51	15
273	0.000114601157	53	33	20
84859	0.000047744315	33	20	13
6352	0.000071600741	45	33	12
1230	0.000069250247	30	10	20
10284	0.000100037964	149	53	96
6428	0.000134818827	147	98	49
25953	0.000026931705	95	12	83
54793	0.000070814620	89	47	42
51316	0.000025131240	26	12	14
5356	0.000100907272	208	114	94
55599	0.000030301673	33	20	13
6635	0.000171913135	173	138	35
6443	0.000028110438	24	11	13
80833	0.000023710516	7	5	2
5609	0.000107283695	69	46	23
844	0.000015599719	1	1	0
55093	0.000434347436	307	165	142
653188	0.000036928284	18	17	1
23592	0.000037850265	34	33	1
3906	0.000039739309	10	7	3
7266	0.000115349430	96	55	41
23230	0.000047800628	15	10	5
23368	0.000080337149	98	44	54
26009	0.000050703578	37	28	9
10514	0.000069850598	253	61	192
821	0.000362987220	208	162	46
10612	0.000047828993	31	18	13
65264	0.000090814905	51	20	31
4976	0.000056956980	37	34	3
9585	0.000022887614	22	6	16
54407	0.000049049986	25	23	2
64377	0.000011549804	32	0	32
10082	0.000017505946	8	8	0
72	0.000214055920	123	110	13
1444	0.000011549804	3	0	3
23352	0.000151432948	84	70	14
10486	0.000032258517	21	11	10
5723	0.000031104489	21	12	9
8233	0.000060577345	63	24	39
56905	0.000028406743	14	10	4
1488	0.000106542912	147	44	103
8655	0.000393864703	292	141	151
60416	0.000013799666	1	1	0
10938	0.000124724720	66	29	37
85359	0.000056945294	25	22	3
149951	0.000018572626	15	5	10
54951	0.000023792449	22	10	12
404281	0.000016353341	5	3	2
6804	0.000236705441	176	60	116
83862	0.000021379851	13	11	2
8241	0.000242114365	191	157	34
8161	0.000089194302	108	37	71
64837	0.000101910595	72	47	25
348	0.000126665978	68	23	45
56172	0.000013986701	2	1	1
10521	0.000145850667	288	127	161
7857	0.000030053578	10	8	2
285753	0.000506260885	81	77	4
51366	0.000134459983	134	95	39
107995	0.000013883560	37	1	36
2632	0.000090342959	30	21	9
3741	0.000057263969	33	15	18
3739	0.000052257368	25	14	11
353131	0.000082210244	64	39	25
353141	0.000123498725	50	37	13
8735	0.000014105113	25	3	22
8569	0.000132122963	68	48	20
7454	0.000198348597	100	69	31
8936	0.000094053339	54	33	21
309	0.000080810405	107	46	61
5727	0.000043823929	102	11	91
79770	0.000018846509	29	9	20
26002	0.000018942868	17	14	3
51090	0.000025526597	21	11	10
86	0.000321446692	155	114	41
79718	0.000129622963	69	60	9
23515	0.000023176254	17	6	11
55635	0.000020895128	7	7	0
10320	0.000116588572	124	55	69
221120	0.000054142266	48	9	39
255426	0.000014191042	4	4	0
84307	0.000028321139	35	8	27
55311	0.000021212918	30	6	24
3216	0.000018916171	18	6	12
6205	0.000256709242	255	179	76
6165	0.000247524940	234	159	75
433	0.000024628834	93	4	89
26984	0.000066601008	67	31	36
2256	0.000011922930	5	1	4
79618	0.000192406806	99	69	30
2859	0.000011549804	5	0	5
2775	0.000075899581	53	36	17
255374	0.000052444019	11	9	2
17827	0.000011549804	19	0	19
23640	0.000090749436	59	35	24
1998	0.000028492317	17	12	5
10915	0.000085902826	197	50	147
51428	0.000079720575	182	96	86
10016	0.000185127082	119	88	31
356	0.000067935895	106	26	80
2962	0.000164503869	120	73	47
5437	0.000141541988	96	73	23
29894	0.000100691132	64	40	24
5096	0.000032037617	19	16	3
14251	0.000011549804	62	0	62
55209	0.000023164595	14	10	4
23641	0.000137442815	114	55	59
85285	0.000029793457	26	15	11
353144	0.000090815614	47	32	15
7531	0.000424506577	424	198	226
1975	0.000085435740	131	67	64
2688	0.000056937104	87	22	65
5709	0.000229468949	180	135	45
401036	0.000011549804	23	0	23
2915	0.000022239544	20	8	12
5579	0.000274447117	200	114	86
10226	0.000103912501	82	36	46
90678	0.000161664929	65	48	17
92799	0.000047817557	26	26	0
10489	0.000023983847	27	14	13
9362	0.000023300984	15	13	2
3735	0.000126997793	147	64	83
4145	0.000021736515	13	9	4
10947	0.000013739382	18	5	13
282991	0.000192247247	33	22	11
25809	0.000011549804	18	0	18
54839	0.000027290875	24	24	0
259173	0.000032070817	7	6	1
5330	0.000043754313	56	26	30
498301	0.000016484949	2	2	0
54505	0.000035747634	26	13	13
57511	0.000124941409	73	51	22
57169	0.000027114184	29	16	13
5717	0.000157162061	147	93	54
55791	0.000344329066	159	136	23
6059	0.000066701677	241	35	206
4000	0.000134723114	256	96	160
26	0.000078582949	54	25	29
10950	0.000018159507	10	6	4
1111	0.000102465099	92	38	54
11835	0.000017905096	8	2	6
83608	0.000022696038	11	10	1
409	0.000135471186	364	52	312
9774	0.000124100991	99	76	23
11277	0.000016640468	20	5	15
6748	0.000191653758	119	97	22
1780	0.000083873881	55	26	29
54361	0.000076140262	27	4	23
7024	0.000233316753	130	75	55
5245	0.000320533660	356	216	140
6187	0.000417887561	422	281	141
10540	0.000072619211	115	55	60
832	0.000160064080	128	109	19
7791	0.000230140804	97	68	29
10128	0.000099903925	201	79	122
60	0.000834275310	464	330	134
23363	0.000049115884	617	27	590
158078	0.000031327907	73	19	54
1896	0.000021259002	65	9	56
27125	0.000041165208	34	25	9
117144	0.000153338303	104	69	35
83431	0.000018824229	16	2	14
29015	0.000029941465	14	14	0
9682	0.000381104429	50	39	11
8350	0.000575506282	307	157	150
2890	0.000024421703	43	9	34
5580	0.000311502085	232	120	112
51741	0.000083835394	325	51	274
10285	0.000037844956	173	13	160
81850	0.000220744486	190	110	80
83899	0.000118574824	138	72	66
23677	0.000025108416	37	12	25
117178	0.000223774980	246	129	117
998	0.000646723824	303	156	147
10071	0.000015756183	2	2	0
27185	0.000122243102	207	45	162
7204	0.000043719169	30	22	8
284695	0.000104254018	188	95	93
57606	0.000034813006	50	20	30
27230	0.000037418675	29	11	18
100352737	0.000014683203	2	2	0
9049	0.000121381406	46	30	16
64581	0.000092658365	37	27	10
55048	0.000119333416	107	60	47
122183	0.000203340242	92	74	18
9040	0.000323870265	134	106	28
10286	0.000101112879	234	74	160
3658	0.000056235890	28	23	5
28988	0.000028348125	51	15	36
10785	0.000126533902	42	33	9
4793	0.000191346650	109	58	51
7311	0.000578202640	291	232	59
10241	0.000169554052	200	77	123
55138	0.000135810945	134	74	60
4722	0.000084673705	106	57	49
7322	0.000457555555	255	130	125
202559	0.000144584900	89	37	52
401431	0.000093372256	12	12	0
5618	0.000032677265	23	9	14
3717	0.000177160933	134	58	76
682	0.000081719300	152	45	107
6936	0.000023108494	22	11	11
1943	0.000019966780	9	2	7
102	0.000061617958	27	13	14
26993	0.000068562191	97	54	43
448834	0.001639633737	117	115	2
4232	0.000024387781	21	4	17
9638	0.000176425448	60	39	21
4599	0.000015327990	44	4	40
401250	0.000013258911	2	2	0
7337	0.000172386789	176	64	112
6427	0.000190627405	257	178	79
6801	0.000088922293	74	47	27
10574	0.000270577341	189	165	24
1915	0.000533766452	611	282	329
26608	0.000062034257	136	61	75
51082	0.000129857163	58	41	17
64425	0.000140386926	60	46	14
127703	0.000163978134	65	55	10
27494	0.000011549804	7	0	7
84451	0.000023285418	8	8	0
373509	0.000011549804	25	0	25
5825	0.000066244018	70	51	19
8266	0.000124742703	306	64	242
8864	0.000034758517	26	17	9
2886	0.000026727819	55	9	46
200845	0.000105964781	31	27	4
10454	0.000136086531	170	51	119
64101	0.000059410518	40	31	9
3178	0.000239248955	699	191	508
2969	0.000150135935	147	83	64
6199	0.000060448460	207	27	180
3105	0.000142766470	102	65	37
51744	0.000017977072	28	4	24
6227	0.000206064812	143	105	38
8802	0.000093669939	35	31	4
8801	0.000186126694	60	46	14
2275	0.000038175664	180	16	164
343263	0.000012565032	7	3	4
14	0.000022698089	31	11	20
10076	0.000016113212	10	3	7
7083	0.000063824904	180	20	160
4953	0.000052352153	22	12	10
3020	0.000161154923	131	58	73
23523	0.000063421897	27	16	11
4128	0.000052248443	43	29	14
6817	0.000066448523	55	22	33
55759	0.000096576479	61	39	22
17130	0.000016698262	3	3	0
10235	0.000011549804	6	0	6
79607	0.000040424408	35	14	21
377630	0.000049819847	11	4	7
392197	0.000037834984	4	3	1
9529	0.000057366810	46	30	16
147872	0.000528415994	108	96	12
4286	0.000039654900	39	16	23
22950	0.000047065079	26	20	6
3611	0.000134190169	252	48	204
84246	0.000095910124	84	38	46
5434	0.000196610947	124	91	33
83932	0.000028494813	90	6	84
2549	0.000054501417	51	21	30
11036	0.000040571573	25	15	10
9349	0.000900778878	394	313	81
338785	0.000116660267	37	35	2
644186	0.000069950205	6	6	0
10642	0.000054564135	256	66	190
5121	0.000012732813	6	4	2
163688	0.000017488283	2	2	0
23210	0.000246862866	77	44	33
127428	0.000022571390	6	5	1
203259	0.000020675313	29	6	23
92935	0.000022232287	7	6	1
286940	0.000011971188	99	1	98
5339	0.000122866519	105	87	18
55068	0.000025184180	15	10	5
960	0.000172182846	98	68	30
573	0.000083713075	82	36	46
5467	0.000048875317	52	15	37
8202	0.000232169137	132	78	54
23394	0.000045852261	49	37	12
79885	0.000028070699	132	11	121
55216	0.000069494750	42	24	18
57018	0.000044380443	22	15	7
6154	0.000237964379	306	197	109
6209	0.000175329075	183	119	64
7020	0.000146529850	98	69	29
5563	0.000098237240	169	45	124
1869	0.000167602048	140	65	75
84456	0.000189374029	66	55	11
84790	0.000158424118	175	95	80
6510	0.000043330733	55	47	8
648	0.000098625205	397	47	350
11171	0.000078369553	101	52	49
5685	0.000108582930	117	60	57
81027	0.000402468008	185	176	9
4728	0.000100829285	89	64	25
7386	0.000376792911	132	111	21
9020	0.000366199544	152	124	28
28952	0.000071930400	76	34	42
4212	0.000037427299	49	15	34
56917	0.000014141419	2	2	0
6491	0.000027298125	79	11	68
5976	0.000157259668	238	127	111
50850	0.000011549804	41	0	41
1063	0.000036758559	42	33	9
2208	0.000033304462	10	3	7
3689	0.000112287091	86	37	49
3654	0.000158023819	153	61	92
3315	0.000184380186	433	105	328
164	0.000091164283	60	27	33
9322	0.000085434625	65	34	31
51639	0.000093020778	265	106	159
6230	0.000219053357	174	133	41
134266	0.000016395345	11	4	7
79133	0.000037663178	14	8	6
25870	0.000015330065	11	6	5
1191	0.000222721876	121	68	53
2202	0.000019939117	39	14	25
284058	0.000149077883	46	39	7
11244	0.000138817751	65	48	17
3710	0.000080233072	46	37	9
56897	0.000048852849	31	27	4
5424	0.000117261438	91	57	34
3014	0.000150288495	305	71	234
55775	0.000019917244	13	7	6
3191	0.000142178836	220	113	107
56950	0.000049201857	36	18	18
10363	0.000069279738	85	37	48
5074	0.000061089038	50	27	23
6836	0.000087877250	53	52	1
5586	0.000072855752	76	33	43
11157	0.000054946844	31	20	11
6626	0.000187426684	252	162	90
84991	0.000251204750	182	153	29
1213	0.000420451577	353	195	158
9181	0.000075703116	61	51	10
4998	0.000074726123	72	28	44
55178	0.000042924784	39	29	10
25959	0.000141376953	188	101	87
118490	0.000040524008	19	15	4
1665	0.000140288449	406	136	270
12412	0.000016624393	150	1	149
98488	0.000011549804	5	0	5
2976	0.000083371550	51	44	7
1270	0.000025744941	18	8	10
55871	0.000035336569	59	17	42
54778	0.000111257306	67	44	23
7508	0.000097476396	51	41	10
126119	0.000096800501	14	5	9
6595	0.000185148455	147	82	65
26986	0.000377947861	502	238	264
10056	0.000080047298	104	24	80
3326	0.000420605313	541	300	241
3069	0.000117027721	75	54	21
55737	0.000188542106	77	60	17
7316	0.001848789196	1645	530	1115
171023	0.000019496909	19	8	11
26260	0.000017160880	193	3	190
1059	0.000067897890	76	39	37
8940	0.000045111751	45	25	20
81550	0.000032998309	31	17	14
6840	0.000100218675	134	79	55
63940	0.000055765570	43	23	20
57167	0.000011990216	4	2	2
658	0.000197761440	120	54	66
9459	0.000069870915	45	28	17
10159	0.000027480532	107	16	91
23256	0.000096556876	53	43	10
2176	0.000034635945	50	11	39
8777	0.000174736256	50	48	2
3500	0.000116039378	86	51	35
2099	0.000516712181	787	172	615
23598	0.000061585686	88	42	46
10969	0.000087277524	249	61	188
57019	0.000050082285	47	11	36
10204	0.000081029845	53	25	28
222389	0.000295771806	80	68	12
70405	0.000011549804	144	0	144
1211	0.000080802343	83	71	12
16576	0.000011549804	7	0	7
57835	0.000044499792	61	36	25
7113	0.000035875715	58	14	44
254263	0.000029318846	2	2	0
1992	0.000019307921	13	10	3
3704	0.000117400128	60	41	19
18129	0.000011549804	1	0	1
51162	0.000064622560	33	26	7
6657	0.000041494299	349	11	338
51691	0.000098682018	66	31	35
6502	0.000142040240	133	68	65
9817	0.000155765839	132	68	64
64135	0.000064921607	20	14	6
10483	0.000070836619	52	32	20
896	0.000078515821	60	25	35
7549	0.000017590111	8	3	5
64968	0.000100470783	91	63	28
9553	0.000267963400	83	82	1
56616	0.000091907848	52	35	17
332	0.000061759088	42	20	22
353142	0.000118046460	58	39	19
116940	0.000011549804	20	0	20
338657	0.000026717585	17	11	6
3476	0.000027060293	132	18	114
10101	0.000048046836	63	17	46
1647	0.000077698420	92	15	77
983	0.001035125692	413	291	122
81669	0.000048692741	60	24	36
27161	0.000099162611	140	53	87
63935	0.000017835227	13	3	10
130617	0.000024205137	21	5	16
9861	0.000283580771	122	96	26
51321	0.000097019530	11	11	0
6125	0.000303195446	280	177	103
84707	0.000103890763	83	54	29
79834	0.000035619971	15	15	0
1917	0.000104739668	165	78	87
84548	0.000011549804	57	0	57
23545	0.000037541054	22	21	1
10713	0.000076829536	199	54	145
7726	0.000087266711	61	43	18
3376	0.000130181008	109	80	29
9559	0.000171003096	98	44	54
170679	0.000013020389	1	1	0
7936	0.000047212690	36	23	13
4641	0.000088525061	196	75	121
91624	0.000040373667	40	40	0
54464	0.000065370014	113	49	64
3094	0.000087655313	75	33	42
387522	0.000125214215	45	21	24
10480	0.000072652920	106	36	70
3607	0.000043276576	115	19	96
1108	0.000152769219	151	100	51
6456	0.000119896574	78	37	41
69957	0.000011549804	46	0	46
4085	0.000108602568	81	42	39
8243	0.000184611523	146	106	40
8819	0.000295584480	95	64	31
841	0.000357340754	194	91	103
23774	0.000054836466	43	27	16
5553	0.000030994187	63	6	57
3949	0.000037400282	31	18	13
93643	0.000038669177	20	18	2
7019	0.000035919691	31	27	4
4134	0.000126957780	68	53	15
5336	0.000129059027	124	73	51
54206	0.000043526533	24	20	4
2638	0.000027455574	16	7	9
8029	0.000046482901	13	10	3
9145	0.000012754525	8	3	5
9612	0.000260615935	136	90	46
8220	0.000207615491	186	156	30
10657	0.000154724121	189	96	93
7409	0.000143437277	91	55	36
10946	0.000175846693	239	94	145
3608	0.000183246178	451	154	297
5013	0.000030057446	138	15	123
7306	0.000022047410	9	4	5
342371	0.000028999842	66	4	62
84632	0.000030475310	10	9	1
1822	0.000037722637	137	15	122
23145	0.000016781874	6	2	4
382	0.000214074797	143	65	78
1131	0.000016655608	12	3	9
63967	0.000066821472	35	28	7
9218	0.000146940302	222	68	154
4720	0.000109591334	90	70	20
408	0.000164932500	312	56	256
285855	0.000019431283	16	16	0
4438	0.000026591251	13	5	8
7411	0.000099700056	68	43	25
79744	0.000011994584	4	1	3
56658	0.000135833587	75	54	21
6198	0.000169081025	81	52	29
8667	0.000067107984	84	50	34
10569	0.000069259409	187	33	154
55643	0.000053925236	47	23	24
83858	0.000199989682	141	124	17
10542	0.000052377306	54	20	34
154	0.000036366706	274	12	262
2645	0.000032599869	29	6	23
51291	0.000020009490	5	5	0
571	0.000039161803	49	20	29
65008	0.000121475791	119	62	57
84545	0.000199867651	102	85	17
2002	0.000037667104	61	21	40
2005	0.000021245659	16	9	7
22822	0.000031899649	42	11	31
5582	0.000161287338	153	87	66
5587	0.000106667397	61	44	17
10900	0.000029751335	30	11	19
84897	0.000019309530	10	6	4
23322	0.000016702946	151	13	138
10049	0.000093101333	58	40	18
10013	0.000214400947	257	77	180
55768	0.000040306631	24	14	10
11124	0.000105298953	110	42	68
3965	0.000018838902	74	3	71
9497	0.000066482198	20	19	1
114548	0.000040049145	51	7	44
126206	0.000018866849	9	4	5
1642	0.000384115360	380	169	211
55626	0.000067865989	93	34	59
9782	0.000372217464	311	192	119
115426	0.000055816551	53	21	32
5788	0.000117598726	82	53	29
10146	0.000099931029	131	69	62
10026	0.000013782656	14	5	9
23367	0.000125021534	91	89	2
1173	0.000119852323	227	76	151
3849	0.000062194928	63	45	18
833	0.000102336798	42	34	8
3169	0.000019157027	45	5	40
399687	0.000097537203	181	50	131
57584	0.000063291903	47	44	3
283229	0.000103882702	18	13	5
377677	0.000038820826	2	2	0
2023	0.000174289494	361	107	254
3187	0.000236138626	357	182	175
10438	0.000023446201	19	8	11
7067	0.000134839396	108	50	58
92399	0.000069517310	53	38	15
9802	0.000267252366	193	77	116
11161	0.000144353205	78	70	8
3832	0.000059620382	131	40	91
253714	0.000013976524	16	3	13
4176	0.000233340488	176	111	65
3993	0.000028172727	67	9	58
10273	0.000401832523	256	160	96
7718	0.000063266062	42	6	36
116412	0.000128195302	74	47	27
1951	0.000015203397	22	5	17
5704	0.000102801976	124	62	62
5689	0.000124945208	181	83	98
3706	0.000021712040	39	12	27
56256	0.000020279901	13	6	7
6170	0.000127850213	131	78	53
84142	0.000042291650	20	15	5
54521	0.000058933252	29	25	4
5897	0.000022647543	7	4	3
3843	0.000145190722	110	75	35
4089	0.000309790991	300	103	197
4538	0.000045598801	48	25	23
64431	0.000059700460	44	29	15
9734	0.000119501579	72	34	38
56013	0.000012963316	1	1	0
254251	0.000015516735	5	5	0
5970	0.000730019122	417	252	165
8986	0.000058699679	18	15	3
6853	0.000100014947	64	40	24
2908	0.000277218496	240	95	145
3175	0.000022092559	8	7	1
159	0.000039379091	44	15	29
2224	0.000054644880	42	26	16
9978	0.000363161509	193	138	55
7251	0.000223985886	213	84	129
65985	0.000047086669	28	22	6
7464	0.000040933411	38	34	4
7376	0.000093107121	59	25	34
2869	0.000039047346	181	10	171
26056	0.000065481363	26	22	4
56990	0.000023743909	9	9	0
215	0.000030584114	22	13	9
79840	0.000031684955	10	9	1
27111	0.000085289849	64	27	37
441520	0.000016840809	2	2	0
840	0.000175372085	84	53	31
4110	0.000057067057	128	20	108
26115	0.000022888519	9	9	0
2707	0.000026487890	14	6	8
4149	0.000143972227	152	59	93
26289	0.000080808881	15	9	6
51251	0.000081068762	40	27	13
26574	0.000087419622	69	41	28
1613	0.000059718433	72	46	26
6499	0.000147265815	36	21	15
985	0.000020108770	2	2	0
3185	0.000198799987	374	185	189
23512	0.000106037655	336	47	289
55072	0.000065280212	60	32	28
155807	0.000033825780	97	9	88
128710	0.000035610773	27	11	16
10458	0.000044827586	69	25	44
60561	0.000145849075	103	53	50
83640	0.000081590659	58	42	16
23248	0.000038968552	25	24	1
10600	0.000030837396	24	10	14
8338	0.000300287859	103	84	19
2537	0.000015204001	3	2	1
1314	0.000128708150	207	77	130
83737	0.000217931113	160	91	69
29978	0.000858466249	308	187	121
23410	0.000037255936	36	9	27
2896	0.000080567866	110	43	67
57325	0.000039698563	21	18	3
6096	0.000031292696	21	8	13
26123	0.000020546527	317	12	305
57130	0.000038103425	14	12	2
3074	0.000035290911	44	22	22
6128	0.000347181070	408	237	171
7541	0.000071090073	53	22	31
83851	0.000081332311	22	16	6
83985	0.000025226219	9	7	2
3064	0.000234232438	203	73	130
81889	0.000066054929	28	22	6
3621	0.000109542595	64	25	39
526	0.000203268680	114	81	33
6924	0.000105556089	84	29	55
729611	0.000015919467	7	7	0
10075	0.000099603794	459	66	393
55589	0.000055709392	43	43	0
10245	0.000040679220	20	5	15
10431	0.000013831189	9	1	8
5566	0.000556943174	418	234	184
8826	0.000276119797	284	133	151
5829	0.000296966590	149	106	43
227720	0.000011549804	29	0	29
5905	0.000232345324	139	110	29
220988	0.000124796263	190	107	83
27258	0.000093812185	121	57	64
79714	0.000015900909	28	6	22
1460	0.000187892034	303	111	192
6749	0.000478124759	284	215	69
9271	0.000017410006	6	3	3
10078	0.000060629588	64	22	42
55280	0.000018677439	7	6	1
1991	0.000028046734	31	4	27
6387	0.000035649284	13	10	3
6185	0.000123401966	87	68	19
654364	0.000232048422	115	79	36
55183	0.000172014587	160	100	60
7336	0.000140527971	64	37	27
74781	0.000011549804	10	0	10
80205	0.000046780322	22	22	0
155348	0.000024432309	124	8	116
80349	0.000103707960	57	43	14
55812	0.000013181097	3	2	1
2146	0.000187458176	282	69	213
728937	0.000292106693	201	168	33
81887	0.000177947208	133	115	18
3375	0.000020704204	7	3	4
5126	0.000015988103	3	1	2
1137	0.000012381138	8	1	7
1018	0.000044532138	68	17	51
93986	0.000028472200	19	13	6
8313	0.000032244139	58	17	41
127665	0.000188065545	54	42	12
100355886	0.000014683203	2	2	0
367	0.000403681344	299	143	156
27030	0.000015647486	8	5	3
1195	0.000045540968	176	15	161
1806	0.000034860179	15	7	8
1859	0.000060940336	74	30	44
55658	0.000069824588	61	34	27
8034	0.000024668861	11	11	0
51022	0.000037370311	10	7	3
4191	0.000074125171	57	41	16
84060	0.000138673753	53	53	0
8908	0.000040571821	8	6	2
442028	0.000013936670	1	1	0
6897	0.000215122483	148	104	44
3184	0.000169097960	340	116	224
23503	0.000026843011	37	19	18
6993	0.000073609869	134	28	106
89891	0.000034661376	20	17	3
23362	0.000015334351	7	4	3
54948	0.000074670136	93	54	39
6764	0.000017784028	17	16	1
2034	0.000055351006	114	26	88
9439	0.000133995632	177	62	115
6885	0.000383675376	181	107	74
155061	0.000036683973	15	14	1
11043	0.000137118263	240	85	155
79943	0.000039434924	39	20	19
10491	0.000042699630	23	17	6
208092	0.000011549804	18	0	18
57639	0.000071114973	66	42	24
84557	0.000105395080	122	33	89
9667	0.000059621154	55	47	8
54737	0.000030770958	59	14	45
27332	0.000070456056	52	44	8
230872	0.000011549804	4	0	4
353137	0.000139053162	71	48	23
26007	0.000038561587	24	10	14
11184	0.000030918693	36	13	23
27071	0.000014147802	24	2	22
3099	0.000096384119	61	39	22
151011	0.000049836468	26	22	4
26511	0.000030288680	57	22	35
29775	0.000115280334	113	50	63
2040	0.000106640021	96	75	21
81853	0.000072126928	19	17	2
56984	0.000054323976	40	25	15
389362	0.000051939247	13	12	1
388387	0.000260224799	13	13	0
3636	0.000085232788	122	43	79
1942	0.000019083579	16	3	13
129285	0.000018459529	22	7	15
55037	0.000125035153	164	109	55
5871	0.000018006590	15	3	12
23317	0.000053334562	29	26	3
54496	0.000052569923	21	11	10
3615	0.000165869371	107	75	32
79102	0.000034018019	25	9	16
54984	0.000199139811	121	56	65
55066	0.000026610258	16	16	0
90799	0.000042361233	31	26	5
5146	0.000023551516	19	18	1
55811	0.000225731386	26	22	4
23236	0.000041764714	81	20	61
23532	0.000031641377	40	12	28
57616	0.000048351424	30	22	8
26148	0.000026434285	31	16	15
51124	0.000051548029	18	12	6
2033	0.000780624236	545	239	306
2115	0.000053688146	24	17	7
9158	0.000021316946	23	10	13
81928	0.000016068018	6	3	3
5683	0.000099043996	150	56	94
6429	0.000108435317	165	112	53
6598	0.000264042559	171	106	65
6303	0.000109755117	106	36	70
8525	0.000077792422	40	27	13
23673	0.000115143829	98	39	59
9894	0.000066134609	44	29	15
57048	0.000043860394	41	22	19
254950	0.000130225874	69	50	19
152006	0.000053103681	25	16	9
165140	0.000120318559	49	38	11
55966	0.000011601710	3	1	2
6461	0.000014205599	20	3	17
55012	0.000025975326	36	14	22
84080	0.000297513712	177	131	46
9293	0.000011929129	29	1	28
3958	0.000101463772	187	47	140
3861	0.000065104160	73	46	27
677770	0.000011972613	117	1	116
7155	0.000225312341	100	87	13
9522	0.000068778370	39	25	14
79027	0.000078705970	43	28	15
84654	0.000012271192	10	2	8
6640	0.000092116154	99	30	69
3643	0.000215383825	126	39	87
65970	0.000012175039	129	2	127
9631	0.000116503088	60	57	3
55070	0.000024250956	16	6	10
7324	0.000209569333	129	62	67
54512	0.000085309529	93	39	54
9652	0.000054137647	29	28	1
7328	0.000132754768	87	37	50
9781	0.000051736486	18	15	3
84196	0.000058780712	32	17	15
22916	0.000063048076	174	53	121
29116	0.000045192321	37	14	23
83444	0.000127798959	79	53	26
344787	0.000012080127	2	2	0
388698	0.000053229940	117	54	63
5705	0.000292653501	200	131	69
79084	0.000430714760	235	202	33
6130	0.000287120602	334	224	110
57617	0.000089220709	56	28	28
274	0.000081979277	68	33	35
8883	0.000334785462	110	89	21
57542	0.000072473107	42	36	6
25941	0.000022655927	7	7	0
4215	0.000296391301	229	87	142
7916	0.000066003617	59	44	15
55644	0.000060692544	70	18	52
18005	0.000020989963	37	1	36
9277	0.000018839389	16	15	1
2872	0.000020380322	50	9	41
29948	0.000062021525	47	29	18
27330	0.000020055726	37	5	32
329	0.000156537807	140	45	95
80817	0.000242137810	133	58	75
147687	0.000288950787	134	106	28
83719	0.000168802442	107	74	33
10067	0.000049582711	58	42	16
3324	0.000111448538	84	50	34
51527	0.000013527572	6	3	3
3157	0.000035255257	42	15	27
51569	0.000180547303	80	58	22
1725	0.000038400789	45	13	32
93185	0.000041466630	189	14	175
2197	0.000074805468	120	39	81
5432	0.000114136921	120	63	57
1459	0.000117859654	341	79	262
54926	0.000033697653	35	13	22
497661	0.000038120404	124	32	92
6202	0.000468007747	448	305	143
68549	0.000011549804	54	0	54
54880	0.000052195679	58	35	23
83795	0.000011763520	25	1	24
284361	0.000026867272	14	14	0
2781	0.000032209074	47	16	31
8601	0.000068973361	71	30	41
3964	0.000016727987	106	6	100
6560	0.000028381565	22	16	6
10562	0.000020433269	44	4	40
26995	0.000019961734	19	14	5
5538	0.000035880437	37	9	28
9882	0.000158828126	55	47	8
23350	0.000083644757	181	76	105
2874	0.000079279701	99	21	78
4851	0.000124792569	209	42	167
5664	0.000146433610	78	34	44
10656	0.000067125202	64	27	37
284346	0.000065769511	25	19	6
84334	0.000011683148	2	1	1
23277	0.000060002575	29	19	10
2260	0.000105465451	77	38	39
8822	0.000018520378	5	4	1
717	0.000040538788	8	4	4
254827	0.000482106579	87	66	21
8517	0.000788035685	463	241	222
6158	0.000211651932	245	168	77
84959	0.000161231455	110	48	62
1445	0.000058263730	85	26	59
342574	0.000762488614	148	137	11
3895	0.000093712858	54	44	10
24148	0.000106846226	218	97	121
10594	0.000166366236	292	123	169
10161	0.000012343542	57	1	56
121227	0.000016091785	9	9	0
145781	0.000013160480	3	2	1
6228	0.000281078026	259	191	68
728689	0.000084867008	40	27	13
115201	0.000032258724	13	11	2
1579	0.000015345668	4	1	3
5171	0.000034537575	2	2	0
25915	0.000050544767	39	18	21
6102	0.000011993570	41	3	38
9320	0.000070833383	51	42	9
4778	0.000065593306	36	16	20
5195	0.000044685158	72	14	58
120379	0.000099847196	53	38	15
64838	0.000011549804	18	0	18
4709	0.000046769870	58	33	25
103468	0.000011549804	53	0	53
23165	0.000086324715	62	59	3
5933	0.000154130578	89	64	25
54490	0.000022633975	21	13	8
6715	0.000030739060	22	18	4
27043	0.000117113090	178	77	101
3171	0.000014012914	48	2	46
25901	0.000018394931	11	7	4
5479	0.000134778382	99	58	41
6449	0.000240010512	205	80	125
55898	0.000074603779	82	70	12
3661	0.000093907236	88	32	56
64750	0.000225387897	185	79	106
51530	0.000043213346	27	17	10
30844	0.000104870686	40	25	15
319757	0.000011549804	13	0	13
79139	0.000134784724	81	57	24
9413	0.000016177688	74	3	71
9094	0.000234036864	123	98	25
83901	0.000081168825	86	42	44
6432	0.000178615379	222	158	64
84811	0.000154999356	143	118	25
373	0.000122321652	263	55	208
58529	0.000061219956	42	29	13
3695	0.000032161060	23	11	12
5885	0.000136128776	268	51	217
4856	0.000036747154	35	13	22
70439	0.000011549804	48	0	48
26747	0.000021675615	97	9	88
51699	0.000126230212	61	32	29
9871	0.000070135986	28	20	8
167691	0.000024942348	115	5	110
84260	0.000116080746	80	70	10
81555	0.000030569008	51	23	28
1329	0.000056810221	70	30	40
2299	0.000014435121	37	3	34
10452	0.000222131815	117	67	50
10945	0.000033723268	15	12	3
84365	0.000077478602	145	37	108
64794	0.000025092835	23	21	2
51631	0.000221461140	266	122	144
84530	0.000070796373	28	25	3
26015	0.000026502297	63	16	47
10916	0.000057401743	74	46	28
27022	0.000011549804	18	0	18
642559	0.000024567097	10	8	2
430	0.000031205274	12	7	5
342667	0.000017742086	4	3	1
55823	0.000108144533	51	31	20
12418	0.000012094833	20	2	18
3842	0.000174843445	145	84	61
4133	0.000095660412	55	35	20
27335	0.000097314250	115	50	65
54726	0.000057935842	50	24	26
1020	0.000063835256	161	31	130
27343	0.000044762435	56	21	35
10648	0.000020829108	9	6	3
54507	0.000276991304	256	122	134
287015	0.000289612369	124	98	26
144404	0.000047157074	13	13	0
1308	0.000011549804	19	0	19
3655	0.000031997988	45	22	23
27316	0.000117565762	233	120	113
51340	0.000094952446	188	105	83
819	0.000053950128	37	16	21
235661	0.000012892992	49	1	48
3633	0.000030777273	38	22	16
11331	0.000216218691	325	135	190
55211	0.000041435377	48	18	30
257364	0.000020136030	14	9	5
9463	0.000328011245	402	143	259
147807	0.000042212593	25	13	12
84675	0.000085255322	90	38	52
55754	0.000062043177	54	13	41
3140	0.000025238698	13	10	3
5987	0.000485531656	462	189	273
8412	0.000113652222	74	37	37
26035	0.000032452640	14	14	0
84172	0.000108692793	79	52	27
5516	0.000098346714	158	63	95
10325	0.000041839451	28	13	15
64121	0.000078381332	24	17	7
53938	0.000131639209	197	112	85
2058	0.000149254926	245	95	150
51520	0.000137201419	74	51	23
382236	0.000011549804	54	0	54
28998	0.000054481822	101	42	59
2961	0.000056126306	61	21	40
1434	0.000152953581	119	76	43
3840	0.000170375729	86	57	29
3998	0.000048813357	70	22	48
79650	0.000014447169	31	3	28
54165	0.000037936044	243	16	227
23276	0.000035292375	14	12	2
9696	0.000027597070	12	10	2
5719	0.000108953950	106	60	46
2821	0.000090734013	54	37	17
51298	0.000012344088	3	2	1
4063	0.000018241963	5	3	2
5333	0.000056385878	55	35	20
9119	0.000070587997	137	55	82
23534	0.000071778407	69	55	14
3106	0.000243306707	331	100	231
7170	0.000194525641	149	106	43
5716	0.000093128162	88	43	45
5714	0.000163290278	97	76	21
5720	0.000142844464	89	66	23
5696	0.000168090102	72	48	24
6217	0.000316527609	268	196	72
5528	0.000087591429	70	42	28
8500	0.000190979324	66	50	16
9700	0.000048998975	36	30	6
6867	0.000076215976	38	20	18
7358	0.000065146207	36	28	8
6632	0.000260408681	233	185	48
4723	0.000161531286	108	76	32
5160	0.000099651232	56	44	12
8933	0.000034438984	22	17	5
23089	0.000037878380	37	15	22
6047	0.000082021324	76	27	49
254910	0.000074268035	60	34	26
84197	0.000019189282	58	2	56
5295	0.000518151350	305	188	117
5378	0.000024273804	55	8	47
54583	0.000052789508	29	18	11
6478	0.000097146166	71	38	33
57222	0.000028888201	32	16	16
10188	0.000096072314	92	36	56
2167	0.000014518068	13	2	11
1058	0.000039544334	113	11	102
5603	0.000236049233	153	95	58
6204	0.000227065461	225	145	80
122786	0.000068461602	28	18	10
9784	0.000068582889	33	25	8
6418	0.000218119872	165	118	47
220929	0.000062092319	25	21	4
3685	0.000054991360	69	29	40
1436	0.000030764631	23	10	13
12534	0.000011549804	111	0	111
12488	0.000012327795	75	1	74
1572	0.000013824691	28	5	23
4047	0.000021543303	21	17	4
6416	0.000086033529	58	34	24
9997	0.000044821538	40	25	15
57794	0.000060566010	60	33	27
5979	0.000184564973	63	41	22
1796	0.000058004224	51	18	33
6386	0.000232003001	330	114	216
10043	0.000080423927	41	27	14
57514	0.000015984438	4	2	2
126393	0.000105803117	57	33	24
26043	0.000099812892	100	39	61
54014	0.000030027808	19	17	2
14852	0.000011549804	35	0	35
4913	0.000017004464	21	13	8
1043	0.000013481867	3	1	2
7780	0.000046144296	35	14	21
1207	0.000064892408	135	43	92
495	0.000021815968	85	12	73
6558	0.000034249214	31	26	5
3801	0.000073886613	228	41	187
58500	0.000153948565	107	60	47
10203	0.000011549804	7	0	7
5954	0.000112543613	113	74	39
875	0.000160872937	79	38	41
57120	0.000267506011	100	59	41
134285	0.000018082293	53	1	52
976	0.000026480218	12	12	0
29057	0.000019534165	10	6	4
84126	0.000087986511	44	29	15
10474	0.000109028393	80	28	52
4868	0.000044206984	22	9	13
1956	0.000334490776	924	109	815
2274	0.000116276701	185	58	127
79797	0.000099796623	85	43	42
51021	0.000084217279	174	72	102
5496	0.000190378365	219	128	91
9584	0.000293402939	259	180	79
5796	0.000038689896	107	21	86
12054	0.000011549804	19	0	19
6605	0.000171876355	168	88	80
64963	0.000125837401	107	73	34
6769	0.000015934413	22	7	15
80204	0.000089131728	41	33	8
64110	0.000017253126	10	4	6
126272	0.000025226679	13	7	6
10432	0.000073530243	117	77	40
9709	0.000036444971	29	14	15
57519	0.000020299538	7	7	0
2810	0.000260014455	288	58	230
3875	0.000119311740	141	67	74
6996	0.000055911395	43	27	16
5914	0.000163580706	143	65	78
51318	0.000043814306	80	37	43
64965	0.000160713468	134	104	30
80196	0.000044444920	21	13	8
11012	0.000011549804	26	0	26
1176	0.000072965256	45	31	14
26168	0.000047562052	57	34	23
80221	0.000026768558	9	6	3
219	0.000074092000	83	43	40
84532	0.000030144483	18	15	3
3054	0.000138710782	119	66	53
51005	0.000031025223	14	8	6
9945	0.000159715435	33	31	2
4670	0.000219239103	400	179	221
9515	0.000015046058	248	2	246
296654	0.000011601525	1	1	0
2521	0.000130737649	352	95	257
51196	0.000039983788	46	26	20
25	0.000367652445	387	139	248
66371	0.000011549804	11	0	11
83461	0.000028535953	31	20	11
2307	0.000012343747	78	2	76
5089	0.000147003242	55	37	18
23399	0.000028186658	13	12	1
128434	0.000017266570	3	3	0
64781	0.000020855159	54	11	43
10658	0.000034527932	28	21	7
51025	0.000060405525	23	14	9
9477	0.000062577805	126	31	95
400569	0.000050205324	37	21	16
9862	0.000200531554	87	76	11
8851	0.000091934051	46	26	20
79869	0.000147521279	100	80	20
51154	0.000032944851	60	31	29
117248	0.000013468362	3	1	2
84727	0.000027428405	16	5	11
26276	0.000105133962	24	20	4
149224	0.000014566585	7	7	0
8189	0.000178783122	80	66	14
9577	0.000040346594	45	17	28
23133	0.000030490645	59	10	49
7050	0.000044224218	30	17	13
2769	0.000030507946	27	8	19
3310	0.000104753263	81	58	23
165721	0.000019852481	11	3	8
23390	0.000055404133	235	17	218
51512	0.000030818150	129	30	99
302	0.000128924256	200	108	92
51343	0.000122563724	135	66	69
5925	0.000448441877	255	157	98
83481	0.000106648701	62	55	7
6789	0.000096217188	77	40	37
259230	0.000014134865	2	2	0
6637	0.000141297789	161	124	37
9939	0.000479874906	246	183	63
4938	0.000017662157	12	3	9
2037	0.000059753270	41	27	14
22866	0.000033461918	19	10	9
5998	0.000039073292	30	18	12
84844	0.000209103916	132	113	19
8773	0.000129603796	64	42	22
134957	0.000034951637	11	11	0
286942	0.000011549804	35	0	35
121642	0.000016603782	10	7	3
7919	0.000263740045	223	167	56
10954	0.000039900032	27	17	10
5934	0.000111961750	79	44	35
3937	0.000070885840	50	23	27
26524	0.000085691440	156	26	130
23942	0.000011549804	26	0	26
8099	0.000041449395	65	17	48
51259	0.000011589791	244	1	243
11180	0.000042551972	37	29	8
2035	0.000100309158	148	41	107
3007	0.000070731621	137	52	85
10294	0.000098833547	114	72	42
478	0.000072636638	78	50	28
1479	0.000054743278	37	27	10
10490	0.000048764546	79	27	52
22985	0.000060310166	218	73	145
399823	0.000011549804	51	0	51
219743	0.000022769464	6	4	2
7015	0.000100292771	86	37	49
2555	0.000017060235	9	2	7
2556	0.000019166727	11	3	8
3692	0.000152860575	209	81	128
7416	0.000429688583	225	179	46
3725	0.000513740683	406	175	231
51186	0.000020803640	10	4	6
22878	0.000027841271	18	11	7
122553	0.000067721519	10	9	1
5130	0.000039794361	24	10	14
9025	0.000097290161	85	37	48
115290	0.000059306355	36	18	18
51642	0.000057158034	102	58	44
5445	0.000038963456	80	26	54
22856	0.000028049470	17	13	4
4221	0.000091480886	71	38	33
25942	0.000438267647	254	158	96
8502	0.000059141100	48	40	8
9454	0.000083939957	97	44	53
129531	0.000129781262	29	29	0
80775	0.000132243736	31	30	1
57474	0.000045071259	32	16	16
90933	0.000241623106	139	102	37
314623	0.000012759634	1	1	0
5352	0.000072798108	46	29	17
5025	0.000014071131	30	3	27
9917	0.000026907513	9	9	0
6014	0.000038490579	16	9	7
4904	0.000297177485	410	230	180
4850	0.000030759064	20	12	8
81792	0.000026227716	14	6	8
6670	0.000181882113	98	63	35
10498	0.000110194164	96	54	42
2977	0.000020810679	37	5	32
5136	0.000028679625	26	21	5
4591	0.000082827831	96	35	61
112869	0.000093069157	88	40	48
79696	0.000073103454	48	34	14
6722	0.000233895223	109	65	44
55031	0.000059996700	42	31	11
10549	0.000096196686	55	46	9
10606	0.000100657882	98	44	54
8078	0.000125250885	79	43	36
523	0.000230000567	101	76	25
23603	0.000114097312	103	71	32
7178	0.000075252112	52	37	15
84656	0.000671000852	275	207	68
23746	0.000012588444	16	3	13
100129534	0.001482817127	20	20	0
4116	0.000060575254	242	44	198
710	0.000034438484	15	10	5
10287	0.000021525703	38	9	29
3622	0.000029246246	37	11	26
4430	0.000044398041	60	56	4
93233	0.000028519670	8	5	3
6322	0.000041832337	14	11	3
79848	0.000035338175	59	40	19
8139	0.000021193274	195	5	190
8544	0.000045570897	52	13	39
67923	0.000015506175	10	2	8
51244	0.000025140063	12	12	0
3265	0.000140633957	111	47	64
8036	0.000026307363	14	12	2
9540	0.000028156282	11	4	7
1508	0.000036032332	51	27	24
5328	0.000063629858	32	17	15
3927	0.000097497293	145	42	103
3956	0.000083234618	87	52	35
10771	0.000067583456	59	28	31
27086	0.000015001585	39	6	33
23314	0.000036106725	36	31	5
84935	0.000027986382	5	3	2
375307	0.000090358399	15	10	5
23759	0.000058554280	154	61	93
51676	0.000030594387	36	7	29
54544	0.000029227939	57	13	44
8861	0.000069798886	45	25	20
9355	0.000031367069	28	8	20
10912	0.000108490813	67	17	50
51588	0.000192088466	100	61	39
54535	0.000149104493	152	91	61
7186	0.000590210558	507	209	298
22897	0.000035018169	79	23	56
689	0.000048030225	55	36	19
4005	0.000086003594	164	36	128
6814	0.000072967262	27	24	3
100316904	0.000011601710	30	1	29
23170	0.000088959023	61	34	27
79169	0.000105956029	57	44	13
387893	0.000033365590	47	12	35
27068	0.000043338886	36	12	24
6120	0.000126081846	52	31	21
10856	0.000271701006	365	145	220
57704	0.000011590376	10	1	9
65080	0.000216479947	121	92	29
6133	0.000231277065	257	147	110
6208	0.000295149951	263	195	68
1654	0.000180030867	379	155	224
30968	0.000083940351	122	73	49
5899	0.000045202154	25	13	12
1788	0.000103043472	65	26	39
1500	0.000078133455	60	42	18
348995	0.000029427381	51	21	30
89953	0.000115732104	65	43	22
353135	0.000112184379	59	36	23
353333	0.000053648748	19	15	4
10262	0.000098951597	248	60	188
10000	0.000021534529	76	6	70
51177	0.000037736046	19	8	11
51573	0.000031830119	17	6	11
140707	0.000057304952	18	16	2
10036	0.000151947789	118	50	68
8678	0.000141554879	85	39	46
53407	0.000038306414	40	24	16
3107	0.000080688248	113	41	72
26153	0.000017747608	12	6	6
55210	0.000057893522	66	55	11
1315	0.000153452218	105	64	41
9564	0.000171906884	96	54	42
25836	0.000025476133	36	25	11
104318	0.000013883560	17	1	16
5795	0.000064237147	52	29	23
57658	0.000059655694	39	29	10
64786	0.000048925498	46	32	14
5202	0.000110446634	85	64	21
26525	0.000030185697	15	8	7
29761	0.000057423243	43	16	27
64780	0.000042122132	19	17	2
10087	0.000034628605	26	9	17
23251	0.000017409225	7	3	4
10362	0.000045476868	86	18	68
1068	0.000019476269	12	5	7
6453	0.000128172881	136	44	92
84193	0.000027460580	15	10	5
145282	0.000250769047	72	67	5
1489	0.000011549804	6	0	6
9501	0.000052053829	19	10	9
159163	0.000115486425	31	27	4
3188	0.000153586370	190	97	93
9582	0.000023673586	14	14	0
5770	0.000110891431	140	70	70
9961	0.000083052742	88	38	50
4665	0.000029072425	82	13	69
140890	0.000037469962	79	18	61
9967	0.000271007439	137	132	5
51548	0.000040582805	125	20	105
2317	0.000103257857	112	74	38
56955	0.000024140181	10	7	3
23650	0.000093972834	103	45	58
11787	0.000013634253	2	2	0
386683	0.000714874890	148	139	9
2071	0.000078801520	97	36	61
5436	0.000291944912	104	67	37
4756	0.000033010086	10	6	4
24144	0.000278151493	382	158	224
150483	0.000218052771	99	71	28
445815	0.000020853700	10	5	5
5267	0.000039994477	17	15	2
55033	0.000050516097	18	12	6
4747	0.000065211113	59	31	28
55806	0.000053439519	38	21	17
388324	0.001090182069	176	171	5
404216	0.000034176339	2	1	1
5188	0.000041350015	2	2	0
5281	0.000011549804	2	0	2
84720	0.000019331073	11	10	1
122769	0.000042081218	26	16	10
50813	0.000081707144	82	43	39
3308	0.000765071885	366	287	79
5866	0.000048646671	41	8	33
8658	0.000077950468	37	32	5
55229	0.000029623872	22	13	9
9690	0.000083946187	39	28	11
6888	0.000165750564	86	59	27
10426	0.000048111302	144	35	109
5682	0.000175253923	273	94	179
7465	0.000076639782	46	31	15
23001	0.000065500698	50	33	17
340359	0.000465270814	84	72	12
386681	0.001518600577	391	362	29
4830	0.000095844504	85	42	43
58497	0.000019747670	9	9	0
26519	0.000079232445	19	17	2
29928	0.000066576402	7	6	1
55686	0.000016823643	10	4	6
664618	0.000034355994	15	15	0
6886	0.000042530828	59	17	42
166979	0.000042665698	27	20	7
25898	0.000127623092	85	44	41
64983	0.000126472892	96	67	29
140032	0.000015322644	80	2	78
25873	0.000115200314	187	83	104
6934	0.000053497665	60	28	32
79132	0.000015800981	15	3	12
5610	0.000138486335	119	52	67
23411	0.000231724224	259	102	157
5906	0.000185539082	83	52	31
1535	0.000017687391	39	4	35
9201	0.000025788066	17	15	2
7538	0.000063410373	71	29	42
11338	0.000323033992	368	145	223
126364	0.000027080222	2	2	0
11059	0.000208040219	93	60	33
55691	0.000015557659	4	4	0
55930	0.000041495669	96	32	64
1192	0.000065742123	63	40	23
7431	0.000685823573	389	287	102
5713	0.000135050227	121	72	49
339302	0.000011854698	6	1	5
113189	0.000011961479	8	1	7
56548	0.000051161229	11	10	1
55722	0.000083405259	93	76	17
481	0.000071478361	78	36	42
638	0.000029697727	84	10	74
23557	0.000085051162	70	35	35
64793	0.000044757446	41	37	4
26234	0.000027020106	21	9	12
55771	0.000011589419	89	1	88
660	0.000037796189	32	16	16
5093	0.000416040633	192	128	64
4233	0.000109295543	81	29	52
27336	0.000096595111	170	74	96
9785	0.000484738689	219	204	15
2706	0.000031073276	28	6	22
2670	0.000059389077	108	24	84
6271	0.000045339704	31	14	17
10127	0.000026653811	22	10	12
30008	0.000114156487	123	60	63
7128	0.000117088809	86	34	52
56848	0.000024555299	8	7	1
4831	0.000128616208	127	54	73
10327	0.000075624482	40	20	20
23295	0.000055253310	36	21	15
11120	0.000011679067	32	1	31
8065	0.000260084594	482	105	377
1794	0.000037357983	50	9	41
85291	0.000110473992	121	73	48
66246	0.000011549804	45	0	45
55342	0.000042123836	38	35	3
3024	0.000164046249	171	65	106
6838	0.000026557065	20	18	2
51808	0.000065650106	48	34	14
55740	0.000090405663	41	34	7
51058	0.000013572707	4	2	2
6596	0.000071349071	52	41	11
118427	0.000020117646	8	6	2
60370	0.000037528173	34	15	19
55743	0.000107247775	48	29	19
254225	0.000020644506	10	6	4
1894	0.000039303788	158	16	142
79080	0.000019880209	20	19	1
10437	0.000025225739	37	8	29
19039	0.000011549804	50	0	50
1153	0.000069918739	199	64	135
22938	0.000180247162	291	119	172
79137	0.000023524041	22	3	19
515	0.000071191964	100	39	61
9739	0.000126015070	50	39	11
7458	0.000129750074	64	41	23
196883	0.000040104148	28	5	23
8622	0.000074891187	20	20	0
4616	0.000018612451	16	5	11
9750	0.000035092558	12	6	6
5605	0.000103648858	56	39	17
29984	0.000019525613	24	4	20
51202	0.000107123623	151	94	57
4738	0.000118103253	323	63	260
55755	0.000064396218	63	33	30
10524	0.000330683265	263	136	127
81	0.000277892487	153	125	28
81542	0.000051420168	29	23	6
5210	0.000024632679	12	8	4
337973	0.000185599601	67	57	10
386684	0.000325611745	46	45	1
7110	0.000047619923	18	16	2
146325	0.000157768116	72	53	19
64951	0.000099011426	91	67	24
79861	0.000016468356	12	5	7
55188	0.000029610806	15	13	2
2065	0.000084898313	85	34	51
54059	0.000045747351	12	11	1
6741	0.000177156279	123	94	29
5520	0.000084025867	86	53	33
6872	0.000230672656	110	82	28
11342	0.000038986685	31	16	15
91544	0.000105477084	49	29	20
66489	0.000011549804	248	0	248
56647	0.000111150697	63	45	18
5238	0.000039523705	29	22	7
144715	0.000011549804	5	0	5
5810	0.000048767914	27	15	12
8665	0.000113690047	122	58	64
23530	0.000048534309	47	38	9
56998	0.000026451670	26	7	19
90203	0.000013850152	4	3	1
2113	0.000087102852	125	25	100
51742	0.000067650062	52	32	20
1104	0.000055325064	106	48	58
25913	0.000081739969	213	28	185
8175	0.000125891588	232	86	146
23291	0.000092888011	401	43	358
5635	0.000042100779	33	25	8
5413	0.000043169210	30	13	17
6810	0.000116766746	79	29	50
3276	0.000268276635	173	107	66
130340	0.000021249030	11	4	7
852666	0.000012972012	1	1	0
7707	0.000053096991	41	20	21
4222	0.000047770110	103	21	82
79571	0.000112000395	87	61	26
84109	0.000013757568	2	2	0
301	0.000086677313	169	73	96
5583	0.000127706128	119	79	40
51593	0.000115957756	237	126	111
23484	0.000021954007	19	10	9
79953	0.000039974801	10	6	4
16818	0.000011549804	16	0	16
171425	0.000016928514	11	3	8
2806	0.000049810203	45	22	23
2212	0.000016018398	36	5	31
51690	0.000119412346	167	88	79
10342	0.000088272577	173	56	117
85027	0.000077756114	34	27	7
10174	0.000144246280	154	68	86
54955	0.000136116135	123	74	49
56949	0.000108759372	193	120	73
29093	0.000062678609	99	45	54
92259	0.000217451399	83	80	3
348738	0.000011549804	11	0	11
56105	0.000012827903	3	3	0
3925	0.000086221027	94	46	48
56945	0.000144769563	211	134	77
5599	0.000272516082	254	102	152
284403	0.000072947717	38	22	16
967	0.000042394989	30	19	11
23435	0.000100071620	317	65	252
3002	0.000033276959	43	6	37
8352	0.000172480323	85	65	20
91409	0.000011549804	23	0	23
51377	0.000092782872	217	52	165
1022	0.000076728666	136	27	109
6830	0.000109921338	81	72	9
339287	0.000032059613	36	19	17
50855	0.000122046766	70	21	49
3996	0.000033243705	30	19	11
54472	0.000106976991	122	47	75
9898	0.000095817360	56	50	6
3433	0.000018157883	44	6	38
433956	0.000011549804	11	0	11
51317	0.000071603767	54	34	20
57484	0.000034425008	13	13	0
55633	0.000059823901	50	36	14
80258	0.000276020736	110	84	26
23192	0.000048094994	28	22	6
440738	0.000080044941	64	24	40
6854	0.000050416176	24	18	6
9475	0.000140868888	44	40	4
5888	0.000260524355	144	86	58
7444	0.000060826437	32	23	9
51421	0.000124621903	111	62	49
7141	0.000028572326	10	9	1
64708	0.000078896579	52	46	6
22907	0.000069681985	229	87	142
3164	0.000124309515	132	48	84
898	0.000082109009	83	38	45
7161	0.000151055580	136	65	71
4303	0.000041107646	29	16	13
79654	0.000081641838	26	22	4
64241	0.000019015766	8	1	7
283	0.000032061622	11	7	4
11339	0.000059382395	120	41	79
53860	0.000012538857	38	1	37
60312	0.000037633385	45	38	7
55746	0.000073378232	59	44	15
10762	0.000085261458	99	43	56
5116	0.000058066696	64	39	25
8648	0.000283688514	120	76	44
9325	0.000086846486	51	34	17
125058	0.000029081064	28	17	11
7295	0.000160060692	124	78	46
10629	0.000042111436	38	22	16
55957	0.000061662046	65	30	35
1406	0.000023207129	107	12	95
137886	0.000044776071	22	14	8
441282	0.000049900443	11	11	0
16905	0.000011753654	8	1	7
64978	0.000107723970	70	52	18
23231	0.000017170134	5	4	1
4157	0.000086662702	45	20	25
1528	0.000025406732	25	7	18
51477	0.000088845383	63	34	29
22088	0.000012538857	17	1	16
7471	0.000035552605	12	8	4
10248	0.000029934417	29	11	18
2036	0.000066351242	54	33	21
9391	0.000193514639	120	50	70
1911	0.000024583909	41	12	29
69253	0.000011549804	60	0	60
1384	0.000012981719	5	2	3
5435	0.000074073078	90	37	53
9013	0.000099054340	25	24	1
79991	0.000031093899	59	16	43
41	0.000023569769	9	5	4
16477	0.000011549804	100	0	100
54663	0.000056572493	33	28	5
103733	0.000011549804	101	0	101
121441	0.000053654828	145	48	97
5692	0.000108324151	124	64	60
1469	0.000028618899	10	6	4
85403	0.000153081177	97	50	47
55758	0.000105124318	102	61	41
54107	0.000077706854	43	25	18
11177	0.000058366932	45	27	18
3423	0.000015512816	46	4	42
64132	0.000018582898	6	6	0
513895	0.000011549804	1	0	1
51076	0.000028286704	23	14	9
7555	0.000076059406	71	38	33
54332	0.000023295907	19	11	8
54978	0.000089281367	32	31	1
9519	0.000118279518	30	17	13
2029	0.000037304051	14	10	4
79047	0.000026762376	15	8	7
5565	0.000058362088	159	26	133
10985	0.000093848681	234	82	152
10484	0.000127560509	104	53	51
6738	0.000081906242	41	25	16
10015	0.000163830102	140	78	62
539	0.000293978929	106	65	41
472	0.000169505024	216	68	148
8115	0.000029260843	38	12	26
23112	0.000047942128	75	50	25
4848	0.000059212318	60	26	34
92597	0.000030489937	36	9	27
2904	0.000055702419	54	18	36
23002	0.000034773765	21	13	8
84062	0.000176031749	144	40	104
114088	0.000124315225	44	32	12
25949	0.000050275125	167	60	107
4686	0.000147460518	260	128	132
2068	0.000068899849	57	28	29
55128	0.000061496611	33	20	13
22861	0.000038973206	19	10	9
151254	0.000163920161	50	45	5
8106	0.000061570134	51	43	8
84970	0.000186994845	83	72	11
93487	0.000090034005	28	26	2
5536	0.000115684865	88	46	42
51807	0.000044565834	31	26	5
2730	0.000029924140	22	11	11
3665	0.000072832745	52	27	25
4711	0.000057321936	75	48	27
3428	0.000027499144	394	18	376
55922	0.000031511268	40	36	4
678	0.000022299454	8	7	1
55219	0.000020128288	33	18	15
440021	0.000410521482	41	40	1
5800	0.000036281607	32	16	16
4899	0.000027343809	45	13	32
23126	0.000104863536	104	59	45
7965	0.000057611785	98	35	63
3728	0.000239187583	147	122	25
6774	0.000497923303	290	182	108
23171	0.000054271198	23	16	7
7378	0.000053807665	16	12	4
326	0.000025323084	92	8	84
60401	0.000030365507	23	9	14
6711	0.000176146300	147	128	19
5510	0.000048646777	31	17	14
8688	0.000039752739	47	26	21
54461	0.000074909220	58	31	27
7841	0.000066135564	40	33	7
72083	0.000011549804	17	0	17
7283	0.000238697411	253	88	165
19345	0.000011549804	110	0	110
1340	0.000063321873	38	26	12
80010	0.000049041804	26	22	4
116028	0.000035589608	13	11	2
8576	0.000110728204	97	33	64
89	0.000046329865	57	8	49
3298	0.000024622696	42	7	35
11091	0.000334784585	226	122	104
10992	0.000127305810	370	114	256
55135	0.000039027539	42	17	25
114609	0.000116037921	47	10	37
4105	0.000072937735	108	19	89
5495	0.000081224260	61	38	23
77579	0.000016754735	141	2	139
79901	0.000029428814	32	32	0
10376	0.000163068579	125	84	41
80311	0.000081617822	24	22	2
81608	0.000060917460	62	41	21
155971	0.000080223799	153	11	142
4716	0.000085800897	77	50	27
100289087	0.000011549804	1	0	1
80145	0.000194618525	180	124	56
54890	0.000014899535	4	4	0
84056	0.000054898111	17	14	3
9240	0.000146196356	171	56	115
23589	0.000046267839	36	19	17
4521	0.000023093258	12	10	2
341032	0.000011549804	2	0	2
150572	0.000173524745	43	36	7
55872	0.000056574158	30	15	15
5052	0.000208986460	152	118	34
10783	0.000061418601	149	33	116
11099	0.000036603275	27	11	16
10239	0.000015803740	20	4	16
63915	0.000077623618	29	23	6
7568	0.000013828432	23	3	20
9001	0.000272555354	99	66	33
79072	0.000023333559	9	8	1
10943	0.000020131281	19	9	10
81559	0.000036908690	23	15	8
3273	0.000015530387	15	3	12
713	0.000021431147	23	8	15
382406	0.000011549804	23	0	23
2771	0.000168583945	207	92	115
8336	0.000034858493	23	20	3
5080	0.000078745312	154	33	121
283385	0.000164809633	56	55	1
57122	0.000061587167	99	41	58
5763	0.000050214138	36	25	11
7753	0.000027592683	15	6	9
25888	0.000064720151	21	9	12
54556	0.000033583267	58	18	40
25855	0.000048704584	65	19	46
8357	0.000115638597	67	52	15
6357	0.000029447722	11	7	4
2833	0.000025001605	13	3	10
10099	0.000015527587	36	4	32
54414	0.000011958029	50	2	48
8509	0.000018045106	9	9	0
56150	0.000011549804	102	0	102
5214	0.000079336480	88	53	35
9244	0.000015934726	6	5	1
132320	0.000038922406	158	19	139
57669	0.000039507106	30	28	2
4175	0.000121109382	94	69	25
4300	0.000043310547	47	19	28
60529	0.000033421955	17	13	4
5678	0.000025311415	21	8	13
51616	0.000053825074	37	22	15
3853	0.000038127126	63	34	29
2057	0.000053072680	48	17	31
3635	0.000070122535	77	36	41
10199	0.000105810258	38	30	8
6201	0.000444640566	358	278	80
133121	0.000012691374	39	1	38
283643	0.000018465098	9	9	0
387267	0.000256806520	34	32	2
9685	0.000077020657	84	73	11
8943	0.000140332088	49	43	6
7414	0.000403014395	180	120	60
10495	0.000026044244	24	11	13
6917	0.000118322836	72	28	44
1050	0.000056903313	130	24	106
338	0.000105902818	67	37	30
51191	0.000066531994	99	51	48
2622	0.000035857798	108	14	94
260293	0.000011549804	1	0	1
3113	0.000013001451	87	1	86
2526	0.000012835868	5	3	2
5745	0.000023036922	67	7	60
10723	0.000020001901	16	10	6
5965	0.000053039367	40	29	11
30827	0.000035466427	39	18	21
80335	0.000057761478	58	27	31
4615	0.000092706493	68	26	42
22937	0.000041607110	18	14	4
83706	0.000019098082	34	8	26
79753	0.000085961666	98	35	63
604	0.000089138905	156	37	119
64761	0.000019238171	11	10	1
3475	0.000041332947	16	11	5
4208	0.000164063877	88	39	49
11100	0.000147117207	169	91	78
6294	0.000102426211	94	62	32
3300	0.000046209925	43	10	33
4287	0.000172656370	101	38	63
13385	0.000016613895	274	2	272
864	0.000066234095	36	21	15
57002	0.000021156503	26	9	17
144233	0.000018939399	3	3	0
7334	0.000246179255	164	87	77
112401	0.000049583749	18	13	5
200728	0.000012479386	401	1	400
8795	0.000084844231	58	28	30
7276	0.000072890796	58	21	37
2	0.000100985085	103	46	57
28985	0.000054858814	34	18	16
5595	0.000332602721	347	154	193
6548	0.000135087115	43	33	10
79791	0.000022246688	25	8	17
9197	0.000011872833	56	5	51
10390	0.000044628728	27	26	1
9467	0.000025861510	23	12	11
23186	0.000157772350	84	44	40
100128927	0.000136221146	48	48	0
55835	0.000081890410	149	29	120
4678	0.000139178480	82	42	40
2132	0.000025581237	21	10	11
23418	0.000018177210	8	5	3
602	0.000035033196	52	16	36
6426	0.000250449520	302	217	85
92521	0.000031626499	47	45	2
6396	0.000085551410	86	50	36
79023	0.000047205430	26	21	5
4536	0.000037147012	63	17	46
6293	0.000067840155	116	34	82
21761	0.000016553948	4	1	3
9421	0.000075070612	28	22	6
8351	0.000113907599	66	50	16
7347	0.000199955097	89	58	31
8817	0.000018520378	5	4	1
55646	0.000143771436	230	106	124
56717	0.000011549804	5	0	5
2280	0.000122043628	68	39	29
10459	0.000075300176	61	28	33
5980	0.000028564489	12	10	2
84960	0.000020034362	29	2	27
51479	0.000072117915	35	28	7
5097	0.000013320781	11	3	8
5252	0.000022217647	84	13	71
7072	0.000058047520	44	36	8
6820	0.000055834891	16	11	5
115265	0.000449607826	151	128	23
146225	0.000039410559	11	6	5
151188	0.000022581695	20	4	16
6633	0.000211790372	221	169	52
17913	0.000011549804	134	0	134
64332	0.000018575778	4	3	1
55660	0.000181903359	308	132	176
11273	0.000048135706	43	32	11
286530	0.000011549804	28	0	28
146279	0.000068277918	38	26	12
94015	0.000016853748	5	4	1
17997	0.000012716842	106	1	105
10944	0.000063072977	50	18	32
25897	0.000047416780	18	9	9
27229	0.000046452575	96	32	64
6775	0.000069118710	24	22	2
5504	0.000124542997	56	45	11
83860	0.000075601968	32	17	15
79595	0.000095283743	51	42	9
8178	0.000076288038	49	34	15
502374	0.000015872024	1	1	0
4804	0.000057270091	57	22	35
2026	0.000116540092	93	46	47
5861	0.000193006486	144	73	71
8975	0.000074555000	53	21	32
51608	0.000071996164	61	36	25
79705	0.000014999945	31	3	28
10274	0.000032270771	41	17	24
55081	0.000037092880	51	11	40
57085	0.000297358558	119	82	37
15251	0.000014523619	2	2	0
105522	0.000011549804	8	0	8
9701	0.000038943511	41	23	18
6606	0.000098868183	265	64	201
100128327	0.000015387184	12	2	10
79090	0.000103212651	47	34	13
10519	0.000071474862	38	21	17
4152	0.000059455857	42	25	17
8702	0.000012984421	9	6	3
218885	0.000011549804	20	0	20
64146	0.000034980239	31	31	0
286128	0.000029896321	46	2	44
8165	0.000114517872	39	26	13
26823	0.000019163285	23	11	12
4481	0.000014770071	10	3	7
7851	0.000027667717	24	8	16
149461	0.000053834389	23	19	4
161003	0.000043240006	9	6	3
57159	0.000239221991	204	111	93
17215	0.000012524181	26	1	25
10557	0.000047137932	51	32	19
49856	0.000047475496	94	31	63
2271	0.000072513296	93	31	62
132789	0.000036966392	23	11	12
3981	0.000063965534	135	14	121
1278	0.000024614853	37	12	25
80004	0.000016695384	7	6	1
16570	0.000011549804	12	0	12
57708	0.000047305536	32	26	6
9282	0.000166747133	90	72	18
6873	0.000075488188	43	34	9
54662	0.000018749824	5	3	2
23396	0.000031433362	22	8	14
29	0.000032179777	17	16	1
55145	0.000220456444	100	59	41
129303	0.000013302888	8	1	7
2580	0.000028876356	86	20	66
222584	0.000031041489	24	24	0
1602	0.000017704115	29	6	23
6495	0.000025570670	22	9	13
11344	0.000142147565	53	26	27
5715	0.000094421340	73	40	33
29110	0.000211900895	150	75	75
3939	0.000140505580	165	96	69
7001	0.000213680582	116	86	30
8332	0.000027058206	19	16	3
5161	0.000028896691	13	9	4
5164	0.000036273125	16	9	7
60314	0.000107286318	45	21	24
9793	0.000092311019	91	60	31
6171	0.000092500345	89	49	40
9643	0.000113543285	120	50	70
1962	0.000045852743	113	15	98
54550	0.000068971010	81	37	44
9406	0.000149217909	80	55	25
8899	0.000250631526	198	169	29
55114	0.000073695300	50	20	30
7481	0.000013254300	18	3	15
83900	0.000112377136	130	67	63
284273	0.000047093924	31	20	11
7915	0.000088800627	55	39	16
3783709	0.000014488657	12	2	10
637	0.000066477154	60	28	32
834	0.000089028201	61	35	26
54033	0.000095802553	21	9	12
57461	0.000111271158	176	112	64
10253	0.000072632636	128	38	90
386678	0.000100467620	28	26	2
4924	0.000049279982	33	17	16
5742	0.000027381933	22	15	7
53944	0.000023676805	17	6	11
154661	0.000020064538	4	4	0
8764	0.000167451655	78	47	31
26277	0.000040106576	116	9	107
10620	0.000027188613	18	17	1
84458	0.000090160103	51	41	10
2221	0.000011988621	3	1	2
8214	0.000012553227	66	1	65
23616	0.000029894863	22	10	12
6921	0.000270732156	153	120	33
10513	0.000377570724	154	69	85
4170	0.000074007923	73	33	40
389136	0.000739447376	64	59	5
1288	0.000018310014	15	3	12
8766	0.000160746363	88	58	30
56243	0.000037527876	33	24	9
4209	0.000138543957	64	38	26
51692	0.000075883820	60	34	26
22903	0.000028283898	17	13	4
391257	0.000450256856	81	80	1
2043	0.000042693328	30	20	10
441208	0.000742328897	14	14	0
64805	0.000012826617	55	1	54
90231	0.000051295146	40	40	0
3486	0.000074192979	33	15	18
815	0.000236469370	165	85	80
11217	0.000029156801	43	29	14
9897	0.000080755438	24	21	3
6157	0.000260327528	284	194	90
76117	0.000014615762	2	2	0
20964	0.000012892992	1	1	0
6780	0.000102589560	322	56	266
3304	0.000096077359	91	70	21
194401	0.000011549804	5	0	5
340706	0.000014884094	2	2	0
8048	0.000029006201	10	3	7
4656	0.000094178146	70	25	45
91750	0.000021961705	9	7	2
2997	0.000081799412	66	31	35
11178	0.000079184149	102	39	63
5663	0.000240355245	135	61	74
4846	0.000084903284	77	31	46
5886	0.000171902399	263	54	209
84993	0.000100743939	44	27	17
80820	0.000019991777	6	5	1
8841	0.000427721074	236	146	90
1399	0.000096140015	128	45	83
389	0.000036114632	24	11	13
7871	0.000056099733	52	26	26
83903	0.000019484248	13	7	6
5523	0.000032271649	18	12	6
51182	0.000043599987	14	13	1
1070	0.000026389610	24	14	10
5049	0.000141040351	64	39	25
7203	0.000414647710	241	215	26
7082	0.000282549630	138	109	29
7094	0.000194633920	87	71	16
10107	0.000027231883	31	9	22
5007	0.000019749170	39	14	25
64641	0.000016577046	3	3	0
5701	0.000205864770	160	89	71
5693	0.000141237811	117	76	41
124995	0.000047476011	95	32	63
84447	0.000183286955	88	44	44
170826	0.000015164200	1	1	0
4927	0.000067985515	41	37	4
1454	0.000099055331	167	64	103
3052	0.000032287093	23	6	17
79066	0.000025339955	8	5	3
6304	0.000047883130	49	28	21
10401	0.000113661585	69	43	26
79921	0.000030175917	24	9	15
9821	0.000100450063	83	40	43
545	0.000138454455	132	57	75
6667	0.000779176076	439	238	201
23582	0.000130176097	155	50	105
5480	0.000022153599	16	7	9
23710	0.000080529345	118	30	88
83593	0.000102251746	54	35	19
863	0.000077338693	35	13	22
26205	0.000033291130	26	18	8
56888	0.000032470012	59	20	39
9727	0.000109055436	18	17	1
5581	0.000235356020	173	93	80
65061	0.000014049952	24	5	19
64777	0.000027632410	13	13	0
9132	0.000013187246	7	1	6
805	0.000323415952	172	137	35
84223	0.000029828886	4	3	1
6440	0.000036055688	22	11	11
132228	0.000049404551	16	11	5
208	0.000065628233	127	32	95
1448	0.000027421327	16	6	10
54467	0.000014401626	4	3	1
159989	0.000148910774	77	38	39
30818	0.000048061369	27	14	13
2290	0.000030909663	85	8	77
29934	0.000051460136	28	20	8
1967	0.000082422460	64	45	19
26994	0.000059612521	102	16	86
2966	0.000031684503	37	14	23
902	0.000054016689	69	28	41
256646	0.000305759677	54	50	4
80152	0.000085589802	25	19	6
2564	0.000011549804	41	0	41
22919	0.000188163646	175	60	115
11021	0.000029041221	34	22	12
8744	0.000028569870	13	13	0
124540	0.000061671231	36	30	6
23318	0.000037261254	10	10	0
60484	0.000054904250	39	23	16
259287	0.000016408202	9	1	8
6727	0.000289277390	177	150	27
84305	0.000159938482	72	53	19
79657	0.000062746920	77	41	36
3070	0.000036746992	40	32	8
68328	0.000017058757	3	3	0
201294	0.000021171496	11	4	7
3702	0.000032959091	44	17	27
54887	0.000036961556	19	19	0
56902	0.000114512649	62	45	17
9361	0.000083693958	51	50	1
285671	0.000016529058	3	2	1
2194	0.000216260541	113	83	30
29881	0.000011822235	1	1	0
2139	0.000015851008	36	5	31
80256	0.000070984448	55	39	16
54811	0.000011589791	11	1	10
9524	0.000089901390	61	34	27
10163	0.000058369001	41	24	17
8850	0.000303177429	204	103	101
2902	0.000062170126	65	24	41
9015	0.000106537211	32	25	7
10653	0.000029859927	102	5	97
90353	0.000043445048	18	16	2
8360	0.000098123233	56	52	4
1147	0.000207979510	217	83	134
8717	0.000271367471	90	81	9
54536	0.000045145606	28	18	10
149371	0.000270608942	87	67	20
1051	0.000118483878	121	38	83
855700	0.000019764676	11	6	5
4697	0.000051069399	107	48	59
3846	0.000050575296	190	27	163
54093	0.000029010013	30	16	14
84817	0.000065331953	36	15	21
3630	0.000056104865	33	20	13
445582	0.000025562304	10	10	0
2554	0.000018776904	14	3	11
2557	0.000038819362	10	5	5
10952	0.000042679990	49	22	27
100345293	0.000014683203	2	2	0
63827	0.000045595613	16	8	8
151195	0.000030009129	12	12	0
6879	0.000136150239	63	46	17
400258	0.000102855390	9	9	0
6709	0.000363479617	197	163	34
11321	0.000073099544	68	36	32
267010	0.000011549804	23	0	23
8468	0.000016839081	50	8	42
286301	0.000011549804	3	0	3
7184	0.000325381981	169	129	40
733686	0.000017848754	2	2	0
9859	0.000073834811	180	73	107
3301	0.000227478129	175	118	57
92595	0.000040968487	32	22	10
5746	0.000036900413	8	2	6
808	0.000279057639	132	106	26
9306	0.000040989504	46	17	29
10383	0.000208275786	154	123	31
9931	0.000039383939	27	25	2
55250	0.000033450835	33	16	17
80227	0.000069413865	40	21	19
6222	0.000307853274	306	229	77
29946	0.000047933035	61	27	34
9440	0.000189521959	90	79	11
10295	0.000020488416	21	6	15
7294	0.000036209182	27	13	14
3575	0.000294187981	104	94	10
6795	0.000037086829	28	9	19
25828	0.000138706218	94	54	40
92610	0.000074498631	22	19	3
850532	0.000012972012	1	1	0
4093	0.000040425430	130	13	117
56652	0.000033466249	27	12	15
29086	0.000032747051	61	20	41
10367	0.000020776949	9	6	3
105988	0.000011549804	26	0	26
5371	0.000290674029	235	100	135
10131	0.000102884308	117	53	64
8725	0.000071497525	38	36	2
55929	0.000110631819	77	50	27
5707	0.000175066052	135	99	36
7443	0.000060899504	30	21	9
25777	0.000059068649	33	25	8
4673	0.000202662897	235	114	121
8969	0.000041617242	32	29	3
84221	0.000050885028	30	22	8
56934	0.000015261774	26	1	25
130916	0.000045485243	11	9	2
6389	0.000035785212	94	34	60
10544	0.000053932014	21	19	2
6923	0.000223619971	123	100	23
54457	0.000024465843	6	4	2
2792	0.000046406215	26	11	15
140801	0.000029872835	82	22	60
6138	0.000183955162	255	155	100
54514	0.000030736601	11	10	1
8362	0.000098102289	56	51	5
64744	0.000028419148	20	17	3
22820	0.000113223237	71	46	25
26958	0.000055857848	37	29	8
10746	0.000036843638	44	13	31
54891	0.000041047919	19	12	7
6790	0.000132498858	295	62	233
55905	0.000079942436	43	35	8
80273	0.000089726461	52	32	20
10761	0.000011549804	19	0	19
26122	0.000041544982	33	23	10
51008	0.000027619090	41	21	20
2266	0.000069791305	22	15	7
1353	0.000014024351	7	6	1
727	0.000039209577	12	5	7
730	0.000024864760	4	4	0
6877	0.000105595027	49	40	9
5544	0.000011549804	2	0	2
7027	0.000090750574	50	38	12
1870	0.000043199052	31	13	18
337959	0.000316776671	83	70	13
751071	0.000063167088	6	6	0
10951	0.000123694096	84	44	40
64981	0.000126981739	83	69	14
1678	0.000038248905	18	11	7
548313	0.000030056241	4	4	0
91978	0.000021246712	15	15	0
6278	0.000057432279	38	34	4
5594	0.000589733905	400	217	183
240641	0.000011549804	13	0	13
30836	0.000025753567	29	14	15
3910	0.000028258970	28	11	17
640	0.000053563497	77	22	55
9666	0.000090177291	60	43	17
6272	0.000029476567	132	9	123
4043	0.000025820069	22	8	14
23242	0.000032138927	40	40	0
23417	0.000025414564	20	5	15
84693	0.000040873772	7	5	2
8831	0.000126996011	30	17	13
26578	0.000083415343	56	31	25
153241	0.000023131402	93	15	78
9482	0.000114857817	55	43	12
8673	0.000102282195	45	36	9
57634	0.000107440979	59	49	10
7323	0.000349619459	227	117	110
3215	0.000015702582	96	6	90
57707	0.000022359936	13	11	2
85456	0.000082571325	38	37	1
92070	0.000027895843	12	9	3
4698	0.000039938200	72	36	36
55703	0.000056190387	45	27	18
5601	0.000154365438	202	85	117
92346	0.000023599113	6	4	2
85438	0.000011549804	9	0	9
6399	0.000034389673	37	12	25
344	0.000014069286	6	2	4
4023	0.000043876551	30	13	17
1453	0.000089575418	88	46	42
27040	0.000073005131	58	30	28
8100	0.000046642028	28	21	7
9545	0.000031242011	16	9	7
9632	0.000124092788	70	56	14
7528	0.000202353169	170	94	76
89796	0.000029195134	26	18	8
84446	0.000024819077	14	8	6
9891	0.000083310267	52	33	19
2203	0.000042817869	35	17	18
9026	0.000065785721	51	42	9
4706	0.000050609662	87	30	57
84890	0.000018736659	5	5	0
1645	0.000020246254	7	5	2
51765	0.000057837632	68	32	36
29888	0.000083960167	79	57	22
9403	0.000015088936	9	7	2
2906	0.000037395622	37	16	21
2020	0.000011795132	3	1	2
254187	0.000496972698	113	91	22
10094	0.000118848931	92	60	32
10208	0.000024232318	24	8	16
11047	0.000118110497	88	50	38
5901	0.000390871393	251	166	85
2313	0.000033316866	24	12	12
83940	0.000053956463	37	12	25
22837	0.000040637191	56	27	29
84220	0.000059083411	28	26	2
57787	0.000045423533	61	19	42
116840	0.000039024334	133	22	111
143884	0.000187990717	84	75	9
6497	0.000072272413	121	29	92
345651	0.000065166059	49	43	6
10748	0.000028887287	35	11	24
51267	0.000018922891	7	4	3
9097	0.000064615102	71	31	40
81034	0.000018057012	17	4	13
8562	0.000074902161	34	23	11
341947	0.000030937595	24	9	15
7385	0.000386215350	193	148	45
7756	0.000158251831	151	115	36
1827	0.000017413607	35	4	31
1787	0.000047869545	30	8	22
56893	0.000096313777	191	32	159
79711	0.000191312897	121	99	22
335	0.000100256375	100	33	67
84867	0.000024472278	20	10	10
4810	0.000030947241	17	16	1
6504	0.000024650558	63	7	56
57508	0.000098388265	42	29	13
10935	0.000088910984	84	50	34
64946	0.000094357670	74	50	24
57381	0.000040026433	30	15	15
253430	0.000014386064	27	5	22
2010	0.000071960799	223	80	143
58533	0.000106259325	60	43	17
9241	0.000033909540	4	3	1
655	0.000070511665	46	14	32
3977	0.000020977143	28	8	20
9319	0.000225960096	164	81	83
9949	0.000012140034	15	3	12
4216	0.000077983937	57	34	23
286077	0.000040729141	43	34	9
94101	0.000025666682	9	8	1
100088	0.000011549804	62	0	62
283635	0.000030355579	27	5	22
851415	0.000025376707	4	4	0
5929	0.000241192171	112	75	37
6908	0.000572310577	241	164	77
11222	0.000044795721	108	33	75
320299	0.000011549804	13	0	13
3860	0.000051227950	72	25	47
9520	0.000069087120	53	41	12
1545	0.000016162665	31	5	26
7363	0.000045963922	22	19	3
18817	0.000011549804	25	0	25
10615	0.000070752428	83	47	36
51011	0.000033183108	10	7	3
388962	0.000121985743	9	8	1
5050	0.000058550054	55	18	37
91782	0.000025672597	11	10	1
51433	0.000093549259	67	55	12
79890	0.000034231093	48	13	35
55603	0.000034567858	56	15	41
6636	0.000208139979	188	136	52
1990	0.000020531645	6	2	4
5265	0.000103558893	46	35	11
4726	0.000111035720	85	62	23
84515	0.000048937414	11	9	2
5911	0.000099471113	50	34	16
2512	0.000052646839	48	29	19
55813	0.000032736179	21	18	3
9394	0.000016564072	6	5	1
53358	0.000128589925	48	28	20
22920	0.000053241404	63	21	42
23760	0.000115098600	27	24	3
23118	0.000168356548	132	63	69
9474	0.000207996727	89	70	19
528	0.000125336396	57	29	28
7398	0.000055772466	54	23	31
126133	0.000034694734	19	14	5
1756	0.000074742995	55	28	27
93664	0.000051386796	18	17	1
3952	0.000021047531	12	5	7
946	0.000014149399	6	1	5
1543	0.000013122768	92	2	90
5834	0.000093836058	46	35	11
10403	0.000082380339	92	50	42
431705	0.000054373501	6	1	5
7158	0.000121186167	175	58	117
5887	0.000140441381	125	65	60
114824	0.000140100203	59	52	7
11073	0.000076758820	62	31	31
90381	0.000016871314	4	3	1
3761	0.000016321844	14	3	11
10006	0.000089163435	115	37	78
5296	0.000193572075	144	73	71
81620	0.000052052962	69	22	47
73748	0.000012892992	1	1	0
54627	0.000011549804	2	0	2
100158003	0.000017848754	2	2	0
2936	0.000046037778	42	19	23
6788	0.000075984681	88	37	51
8480	0.000241759980	130	54	76
144193	0.000012928482	3	1	2
1964	0.000078211650	45	34	11
27109	0.000024817737	12	11	1
9724	0.000029851144	32	12	20
54443	0.000026291628	142	8	134
7132	0.000476307060	217	128	89
8363	0.000100835316	58	54	4
55299	0.000191352942	167	90	77
24140	0.000063907061	107	27	80
8291	0.000030471043	14	12	2
1025	0.000165226172	245	65	180
9794	0.000091990121	29	18	11
23383	0.000019248124	9	7	2
10847	0.000094792951	73	46	27
24138	0.000035455630	21	17	4
752	0.000041488375	72	20	52
55620	0.000018722780	17	6	11
81554	0.000020139080	10	9	1
80111	0.000011549804	1	0	1
10328	0.000024973115	30	19	11
5205	0.000011549804	2	0	2
9101	0.000145614124	80	45	35
9379	0.000028717167	10	7	3
23499	0.000110364281	74	63	11
83801	0.000011601525	1	1	0
6928	0.000043146705	21	9	12
6468	0.000020055374	50	8	42
79671	0.000037658527	18	13	5
8835	0.000032409249	22	11	11
23032	0.000070480250	39	30	9
55023	0.000045565488	32	32	0
51605	0.000065753398	44	29	15
5451	0.000138578957	105	53	52
142685	0.000045514036	61	16	45
51283	0.000034123895	20	13	7
596	0.000254245857	134	83	51
6834	0.000066020327	21	20	1
154141	0.000011549804	31	0	31
23005	0.000043799658	69	29	40
100132341	0.000313221699	40	40	0
54994	0.000062546905	27	23	4
23560	0.000093946347	186	80	106
10147	0.000030441406	35	30	5
1265	0.000021347063	23	9	14
64087	0.000042924798	26	24	2
11313	0.000028785625	21	12	9
9138	0.000073809514	40	29	11
314	0.000039031153	43	26	17
8288	0.000034602458	11	10	1
10109	0.000162117904	88	64	24
57175	0.000105259780	77	54	23
79600	0.000019403623	104	5	99
8726	0.000120987436	481	54	427
9230	0.000094805157	83	43	40
23309	0.000132393508	86	41	45
9203	0.000135315687	57	52	5
51103	0.000056824368	39	27	12
8563	0.000171582680	184	123	61
9877	0.000146342501	48	48	0
64854	0.000014484300	30	4	26
5878	0.000074431670	151	46	105
70767	0.000011549804	20	0	20
3516	0.000130252630	149	37	112
103	0.000073372007	73	65	8
894	0.000050668824	28	18	10
2047	0.000032057925	17	12	5
6435	0.000012191561	2	1	1
8928	0.000036848670	97	19	78
10589	0.000051096403	54	23	31
230784	0.000011549804	36	0	36
729438	0.000016386026	2	2	0
16341	0.000011549804	109	0	109
6206	0.000234524344	219	149	70
1000	0.000061655813	78	14	64
23468	0.000159991399	196	69	127
9422	0.000017707686	22	6	16
2974	0.000013722570	24	2	22
5143	0.000025096583	25	21	4
389524	0.000013748004	4	1	3
84163	0.000019240450	5	5	0
51762	0.000033905381	32	12	20
1958	0.000052816059	57	22	35
6647	0.000171380677	197	67	130
5201	0.000069217443	104	36	68
1974	0.000048454882	137	29	108
9589	0.000395367846	191	175	16
67139	0.000011549804	84	0	84
57092	0.000020154785	19	19	0
222235	0.000021881266	79	14	65
226791	0.000011549804	14	0	14
147841	0.000057981297	44	31	13
6689	0.000031041509	21	12	9
119	0.000019489513	22	7	15
5803	0.000051049454	20	15	5
9086	0.000013844961	6	5	1
9669	0.000110048001	54	47	7
159195	0.000281516115	110	94	16
15396	0.000013827116	1	1	0
20933	0.000011549804	32	0	32
444	0.000037352484	43	15	28
5154	0.000042894396	22	15	7
11266	0.000030928859	15	6	9
79058	0.000049185706	36	21	15
158787	0.000045676546	23	21	2
1621	0.000014275062	12	5	7
2745	0.000066180209	25	18	7
7341	0.000607033510	256	160	96
81565	0.000142576232	101	57	44
56916	0.000029001731	126	10	116
19087	0.000011549804	37	0	37
11065	0.000118711929	64	37	27
27434	0.000031994980	12	8	4
5824	0.000092592654	123	35	88
64518	0.000030498627	32	18	14
414301	0.000105925731	24	17	7
115817	0.000034837945	28	14	14
147341	0.000107107998	59	38	21
84376	0.000029867904	27	19	8
8504	0.000026504214	10	9	1
10010	0.000104466803	74	30	44
5917	0.000072529576	62	46	16
79723	0.000162761119	66	46	20
57624	0.000027625739	4	3	1
118812	0.000143916451	23	19	4
8531	0.000172917860	100	79	21
1407	0.000051399784	145	27	118
2877	0.000013449767	21	2	19
5690	0.000117627803	102	54	48
79016	0.000055174705	85	24	61
50717	0.000036928293	42	23	19
1909	0.000029165482	24	5	19
64327	0.000023735913	13	13	0
819801	0.000011549804	1	0	1
4155	0.000471859985	103	81	22
84066	0.000013394565	28	2	26
9787	0.000018957593	15	9	6
6142	0.000178510933	275	156	119
310	0.000084820479	142	35	107
412	0.000020491882	25	12	13
7364	0.000067212199	25	23	2
25886	0.000031081710	89	15	74
56672	0.000020763144	11	8	3
6237	0.000092202067	36	30	6
3669	0.000012583294	2	1	1
9031	0.000116114667	66	51	15
6603	0.000172604631	80	64	16
19172	0.000011549804	41	0	41
80011	0.000070209578	35	32	3
23263	0.000024697054	114	21	93
25924	0.000017323903	11	4	7
4647	0.000025732271	16	6	10
25902	0.000046229429	47	30	17
10345	0.000022799179	6	4	2
845	0.000029755589	48	5	43
1048	0.000034524938	9	5	4
57540	0.000023053183	5	4	1
56654	0.000017017962	43	7	36
8086	0.000026451693	25	24	1
9702	0.000036674374	125	15	110
23077	0.000088162685	56	50	6
7913	0.000110120160	81	43	38
8355	0.000113861460	66	50	16
4702	0.000076185993	80	31	49
818	0.000175335686	99	67	32
65123	0.000038070133	57	25	32
5519	0.000146288136	104	76	28
6139	0.000185450532	234	159	75
673	0.000092168050	61	34	27
514	0.000030072538	28	18	10
93974	0.000081939644	33	27	6
6234	0.000231377633	143	115	28
374291	0.000060552433	73	27	46
4541	0.000034398113	56	16	40
7171	0.000158622769	92	83	9
5923	0.000050385625	24	17	7
9648	0.000050436589	19	18	1
3791	0.000140918769	64	34	30
1471	0.000084157431	11	6	5
23037	0.000048316068	12	7	5
23049	0.000044683187	34	13	21
23708	0.000053825153	20	16	4
440184	0.000217117443	21	20	1
8542	0.000014117073	5	1	4
9885	0.000026145792	11	11	0
72117	0.000011549804	31	0	31
55970	0.000060386738	46	36	10
2782	0.000158919091	105	69	36
55664	0.000021213909	25	5	20
10869	0.000050873984	72	21	51
6455	0.000208179085	92	64	28
4477	0.000011549804	2	0	2
5686	0.000164530862	143	82	61
5721	0.000109856248	63	48	15
256297	0.000016292749	14	2	12
65263	0.000055733565	27	24	3
8659	0.000215972583	57	48	9
2935	0.000059648774	48	27	21
27175	0.000019122986	14	7	7
387	0.000254058210	183	89	94
4824	0.000038830514	48	8	40
7089	0.000074533715	32	23	9
92483	0.000144678264	55	34	21
54797	0.000039701946	42	19	23
81857	0.000136196427	78	51	27
4852	0.000050635538	16	7	9
4889	0.000016521257	4	1	3
3507	0.000070273415	42	18	24
51759	0.000031013413	28	15	13
11328	0.000027137852	23	7	16
67052	0.000011549804	51	0	51
56904	0.000077398395	42	22	20
232339	0.000011549804	36	0	36
7874	0.000262589591	311	125	186
3431	0.000038982773	22	20	2
103910	0.000024651586	24	17	7
26156	0.000167347731	227	92	135
130557	0.000023028409	5	4	1
54468	0.000035267770	15	13	2
5444	0.000016885755	3	3	0
84461	0.000053124032	45	25	20
80184	0.000045732240	109	28	81
25885	0.000104093722	192	67	125
2353	0.000191630551	257	67	190
9204	0.000031363906	15	14	1
4162	0.000024151630	17	8	9
4651	0.000022675938	25	16	9
57035	0.000014084748	21	5	16
3483	0.000020980012	5	3	2
26239	0.000023917779	64	12	52
84648	0.000057706527	50	29	21
29851	0.000021875585	5	2	3
7124	0.000194688379	140	47	93
27309	0.000026890805	41	15	26
440050	0.001060050794	64	62	2
3948	0.000045029787	40	24	16
100131196	0.000011795132	1	1	0
8289	0.000202568505	87	71	16
23265	0.000074990349	57	32	25
100289124	0.000012680892	1	1	0
257397	0.000066406927	31	16	15
340061	0.000052009379	38	9	29
23516	0.000013290716	7	5	2
81926	0.000035374256	18	14	4
26353	0.000036197036	43	17	26
30837	0.000041452564	29	15	14
19684	0.000029130595	6	4	2
9351	0.000150964753	67	39	28
2157	0.000024337976	20	7	13
28912	0.000013343878	2	2	0
2618	0.000065093460	65	36	29
5518	0.000299747572	298	145	153
5768	0.000017502500	9	8	1
582	0.000059699170	32	15	17
79140	0.000028042954	10	5	5
84321	0.000146912125	143	111	32
10808	0.000118224037	99	58	41
5903	0.000267612206	180	125	55
3983	0.000053322209	78	59	19
56159	0.000121694196	71	39	32
84330	0.000059507927	60	32	28
10817	0.000053509732	95	28	67
220766	0.000011549804	10	0	10
55885	0.000107064562	89	54	35
8522	0.000035140716	30	6	24
25804	0.000061582839	186	60	126
55968	0.000138138152	74	45	29
9093	0.000104393516	92	61	31
6925	0.000221988018	293	102	191
81629	0.000087158786	55	38	17
2934	0.000092326955	88	62	26
51666	0.000015491140	27	3	24
209318	0.000012886624	2	2	0
5869	0.000087181428	59	40	19
5394	0.000056928973	76	43	33
9878	0.000071164688	51	42	9
1345	0.000021792965	27	11	16
6821	0.000067564553	80	36	44
5230	0.000322268942	102	78	24
145258	0.000011549804	4	0	4
10865	0.000069854620	114	45	69
23371	0.000072692460	144	37	107
53833	0.000011549804	16	0	16
91663	0.000022009695	11	10	1
6470	0.000100440770	61	33	28
9	0.000019695123	6	5	1
11315	0.000066616712	79	27	52
204851	0.000021007439	20	10	10
10211	0.000082534346	121	70	51
9657	0.000035228097	213	22	191
55679	0.000018401526	14	7	7
388677	0.002063114155	371	359	12
10038	0.000037939854	29	19	10
5982	0.000135775297	94	80	14
641	0.000166174698	98	59	39
6257	0.000164746358	80	35	45
2027	0.000101809286	52	27	25
11198	0.000187494039	204	126	78
51552	0.000057538129	55	42	13
54869	0.000013401895	9	3	6
6654	0.000153598577	90	55	35
12469	0.000017304501	34	2	32
6513	0.000040628123	29	23	6
27279	0.000011549804	4	0	4
79716	0.000080830667	21	20	1
9759	0.000513162354	201	115	86
55201	0.000056144856	39	26	13
308	0.000038099808	45	28	17
57590	0.000051369941	19	11	8
230	0.000099907682	94	44	50
51138	0.000126494696	96	68	28
200186	0.000045084263	32	24	8
23235	0.000023477271	34	9	25
8463	0.000036506313	83	10	73
8663	0.000221821998	142	108	34
53635	0.000036798129	18	11	7
90427	0.000043148003	25	15	10
254428	0.000102128768	13	13	0
6904	0.000092647858	48	32	16
3170	0.000051613936	26	12	14
54433	0.000051934292	80	31	49
337966	0.000111642054	43	36	7
26999	0.000074983069	46	30	16
818077	0.000015539277	1	1	0
4038	0.000043802880	9	7	2
25861	0.000041493105	14	6	8
56302	0.000016356003	23	3	20
4297	0.000085534145	111	42	69
9541	0.000025585149	20	9	11
10100	0.000017007864	11	4	7
56947	0.000177137965	88	52	36
442247	0.000013465064	42	1	41
5607	0.000059632882	42	24	18
8878	0.000416102540	244	144	100
851607	0.000012972012	1	1	0
56704	0.000049731923	40	35	5
57763	0.000035648003	33	9	24
79641	0.000012537006	13	2	11
10263	0.000012271310	18	1	17
642	0.000052117582	59	41	18
6159	0.000199192736	279	170	109
6376	0.000011549804	2	0	2
1524	0.000016462131	2	1	1
57142	0.000215184609	109	62	47
23645	0.000050997032	28	17	11
79863	0.000035198054	13	9	4
643008	0.000065361785	5	5	0
9813	0.000014633098	4	4	0
51412	0.000034811907	35	19	16
10105	0.000042170010	43	10	33
10469	0.000064023393	34	28	6
79020	0.000053895922	26	11	15
7059	0.000018678527	64	1	63
26052	0.000039365954	38	18	20
23493	0.000039964463	36	13	23
51550	0.000046451757	35	22	13
9126	0.000202922960	144	112	32
83732	0.000034249670	31	28	3
11179	0.000028072654	20	9	11
29089	0.000072691229	31	14	17
57088	0.000110132165	102	48	54
80179	0.000019286974	178	16	162
79035	0.000051130226	38	22	16
209584	0.000011549804	9	0	9
1496	0.000022560769	14	11	3
1969	0.000070224991	68	32	36
79173	0.000094690218	36	23	13
55217	0.000012733297	6	1	5
79577	0.000227774650	107	59	48
80705	0.000122479703	83	52	31
128989	0.000053609101	22	16	6
6868	0.000143816319	28	22	6
54539	0.000130364318	67	59	8
10632	0.000088295510	68	27	41
4509	0.000032913535	22	10	12
73422	0.000013394227	2	2	0
55094	0.000075716281	116	82	34
284391	0.000032924924	10	7	3
4792	0.000283756189	210	100	110
56061	0.000090855309	39	36	3
9625	0.000018770549	19	5	14
10165	0.000033227272	96	38	58
348093	0.000440235194	67	63	4
3084	0.000029592447	96	15	81
5433	0.000089485266	74	51	23
51585	0.000059837749	50	35	15
23576	0.000020644033	9	7	2
54476	0.000050247263	33	20	13
54575	0.000025632696	43	15	28
3501	0.000033722892	22	19	3
6696	0.000048012045	97	20	77
4717	0.000056141486	52	33	19
117246	0.000124564221	101	68	33
55159	0.000043633271	48	24	24
79187	0.000019252091	43	5	38
80303	0.000029622532	9	7	2
10529	0.000058988618	39	25	14
26037	0.000051699116	29	28	1
10134	0.000138195685	85	53	32
9260	0.000065980128	137	46	91
7280	0.000169897865	125	102	23
22809	0.000027938777	18	11	7
10794	0.000018198285	12	8	4
701	0.000092975912	96	48	48
9587	0.000041630126	28	14	14
29119	0.000058029997	48	24	24
5718	0.000192004305	105	81	24
91574	0.000012242806	4	1	3
85366	0.000053670902	21	19	2
50650	0.000016645172	12	7	5
7402	0.000156318389	59	53	6
10460	0.000077258924	79	32	47
57103	0.000012261558	8	1	7
7249	0.000089345448	72	44	28
24253	0.000015112919	49	2	47
471	0.000135020095	73	42	31
60528	0.000038613106	50	20	30
81789	0.000011549804	17	0	17
53371	0.000062127416	63	39	24
6607	0.000079417004	71	38	33
8650	0.000114983647	58	45	13
66413	0.000011549804	31	0	31
1060	0.000028141111	61	20	41
29937	0.000022582923	35	7	28
3015	0.000043707334	70	21	49
8295	0.000216213336	125	87	38
7456	0.000067828566	41	30	11
9063	0.000337653280	202	139	63
3762	0.000018936061	7	4	3
3765	0.000025942803	7	6	1
55131	0.000069235035	138	63	75
55854	0.000096390021	39	31	8
10061	0.000064111605	45	35	10
11127	0.000052490817	39	25	14
919	0.000153627648	45	33	12
156110	0.000038998130	65	9	56
8434	0.000029142071	30	9	21
9811	0.000021155397	10	4	6
3930	0.000037799020	46	37	9
9716	0.000327328273	184	173	11
29925	0.000054599348	45	16	29
8347	0.000066400340	38	35	3
71702	0.000012892992	16	1	15
65095	0.000034283482	24	21	3
22823	0.000028326260	22	13	9
6839	0.000654190769	188	131	57
4302	0.000028654284	35	18	17
6625	0.000244023562	244	179	65
10885	0.000027736138	31	23	8
1978	0.000079998539	58	37	21
10019	0.000014868116	16	5	11
51533	0.000037117298	21	9	12
311	0.000049183536	52	26	26
5833	0.000054190632	26	13	13
855363	0.000012972012	1	1	0
334	0.000057185643	43	25	18
112574	0.000053574425	28	22	6
838	0.000020398978	5	4	1
9698	0.000038324120	35	31	4
220359	0.000017146609	4	4	0
1641	0.000026605928	48	15	33
10942	0.000019440086	14	13	1
5859	0.000177942201	166	100	66
8999	0.000014001381	7	1	6
5896	0.000094160793	23	7	16
23172	0.000035059373	30	20	10
57215	0.000041921996	35	24	11
55337	0.000034646904	56	25	31
22376	0.000012538857	1	1	0
29274	0.000011549804	2	0	2
51727	0.000033454368	27	18	9
20218	0.000014233290	3	2	1
4800	0.000099585414	79	29	50
116449	0.000012784101	28	2	26
169792	0.000024777253	23	9	14
1101	0.000011549804	5	0	5
3688	0.000175736217	148	82	66
55924	0.000017183043	9	3	6
10142	0.000096434494	103	51	52
7257	0.000072266660	118	23	95
53347	0.000085019595	82	42	40
8358	0.000091663923	76	44	32
8368	0.000098147879	57	52	5
657	0.000081676050	47	30	17
317761	0.000024808631	3	3	0
1234	0.000131062473	47	15	32
388372	0.000110298200	10	8	2
10541	0.000067210288	59	31	28
9043	0.000088354280	45	32	13
285598	0.000019635453	9	9	0
6949	0.000258516821	166	150	16
5884	0.000038536329	30	16	14
999	0.000284733302	133	80	53
4218	0.000105187173	62	44	18
117177	0.000073824389	40	26	14
5119	0.000068908697	52	33	19
4103	0.000023508471	41	6	35
112616	0.000053595831	19	13	6
1902	0.000014872829	98	3	95
2773	0.000174403620	112	62	50
25489	0.000011549804	77	0	77
5532	0.000075360237	44	27	17
7979	0.000019243609	136	5	131
55174	0.000026218806	27	13	14
9636	0.000053099633	194	22	172
269966	0.000026461887	57	1	56
4920	0.000025476932	40	13	27
81631	0.000151356123	127	34	93
8019	0.000038712939	27	23	4
11016	0.000040997732	31	14	17
1386	0.000087600860	245	43	202
55723	0.000078742885	65	23	42
7273	0.000111907883	74	57	17
6169	0.000227904831	239	157	82
57798	0.000025205492	22	12	10
7681	0.000146958489	158	61	97
1831	0.000048988960	35	14	21
55308	0.000027424732	24	12	12
374659	0.000246052047	18	13	5
22995	0.000030792382	109	19	90
9125	0.000069234985	41	34	7
5527	0.000074306705	43	27	16
1736	0.000146562347	99	65	34
2729	0.000030889842	10	5	5
2937	0.000044820408	34	13	21
373073	0.000011549804	2	0	2
8535	0.000200887759	131	69	62
761	0.000016050344	3	2	1
56925	0.000121697339	35	19	16
572	0.000103538767	70	44	26
321	0.000094580753	14	7	7
9378	0.000119910646	29	20	9
2171	0.000083028629	49	31	18
390637	0.000041134783	11	9	2
6926	0.000032012403	27	18	9
23286	0.000045873774	45	19	26
55290	0.000121053106	59	18	41
113026	0.000017257232	43	6	37
89869	0.000103179825	43	35	8
7029	0.000034702909	13	9	4
2319	0.000062419919	90	62	28
5355	0.000035469239	46	19	27
245902	0.000011549804	12	0	12
6241	0.000064120096	55	40	15
4843	0.000032177594	153	6	147
6742	0.000141799306	101	83	18
6591	0.000017655343	23	6	17
7159	0.000212059726	184	85	99
7918	0.000041360844	68	23	45
54902	0.000063839725	38	24	14
5939	0.000031924135	15	11	4
8788	0.000036267271	70	5	65
81537	0.000036073702	13	13	0
7087	0.000042202006	22	22	0
10694	0.000353495583	181	161	20
100128588	0.000012746568	2	1	1
94239	0.000039107526	37	29	8
10715	0.000012946411	2	2	0
50649	0.000039644197	82	23	59
192670	0.000016303124	82	3	79
29777	0.000100264278	28	18	10
64061	0.000122006613	49	35	14
51258	0.000086437429	87	43	44
28986	0.000026809937	20	9	11
3587	0.000024535569	5	1	4
7297	0.000123006123	92	55	37
10636	0.000034377459	20	11	9
2243	0.000068426243	44	20	24
23429	0.000059276020	63	28	35
80314	0.000106395395	43	35	8
222194	0.000035603282	15	15	0
10093	0.000093286009	76	61	15
55127	0.000063735272	57	55	2
17355	0.000011549804	16	0	16
905	0.000028956253	17	14	3
3161	0.000046145415	37	25	12
10291	0.000177322805	291	105	186
83443	0.000109341132	64	53	11
5521	0.000239863469	159	73	86
66352	0.000016039455	5	2	3
55346	0.000041841735	29	24	5
5316	0.000053233461	31	17	14
22848	0.000021907440	22	17	5
54925	0.000058196191	41	14	27
352954	0.000020921705	14	3	11
3087	0.000026921345	36	6	30
9910	0.000037615104	30	18	12
26512	0.000036671656	62	26	36
5441	0.000129619123	96	65	31
79074	0.000012726783	10	4	6
19052	0.000014143111	55	1	54
9989	0.000096694337	33	20	13
84858	0.000031706978	19	15	4
11083	0.000029883405	32	20	12
9592	0.000021595056	30	3	27
8242	0.000040899380	46	14	32
2878	0.000013449767	19	2	17
34	0.000157500596	86	48	38
4683	0.000109275506	88	52	36
317749	0.000011549804	6	0	6
728294	0.000019095665	4	4	0
1762	0.000026602714	48	13	35
23293	0.000034047828	16	8	8
10554	0.000013362232	14	9	5
126129	0.000017890792	16	3	13
56937	0.000019194225	7	7	0
10807	0.000049496240	56	47	9
64396	0.000105387299	48	34	14
9830	0.000036224284	37	18	19
124790	0.000091238014	51	38	13
55906	0.000022283803	18	7	11
79036	0.000080204208	48	31	17
51388	0.000031537079	27	19	8
17187	0.000011549804	54	0	54
1373	0.000037512337	48	32	16
337968	0.000501393942	162	141	21
51386	0.000100106850	84	57	27
63931	0.000108583266	104	76	28
3673	0.000040518713	35	25	10
8976	0.000135945784	82	53	29
813	0.000094340371	119	62	57
22824	0.000125594582	68	43	25
238	0.000051989031	96	10	86
283349	0.000032695940	26	9	17
599	0.000028087493	25	8	17
226977	0.000012963316	28	1	27
170680	0.000057935386	20	18	2
11224	0.000171919024	277	94	183
7388	0.000196621486	92	81	11
842058	0.000012265472	1	1	0
2975	0.000153415039	189	108	81
3337	0.000179861992	105	83	22
2017	0.000138500981	142	80	62
7849	0.000050524846	28	18	10
2192	0.000134577794	73	31	42
50808	0.000023451603	16	8	8
222229	0.000080441245	41	26	15
143662	0.000011549804	2	0	2
83417	0.000018159416	7	4	3
22885	0.000022013666	15	4	11
1595	0.000023485320	48	22	26
22601	0.000017336528	27	2	25
22099	0.000012199357	1	1	0
6611	0.000081921257	50	27	23
51514	0.000049051249	56	30	26
4646	0.000086780631	87	62	25
54958	0.000028182368	18	18	0
8890	0.000101313592	64	56	8
1491	0.000053603494	44	16	28
9470	0.000069920408	67	34	33
2669	0.000026321435	113	8	105
11343	0.000016008877	24	4	20
4173	0.000122663322	162	75	87
3181	0.000238633327	331	200	131
85294	0.000099077163	99	52	47
136051	0.000019683136	11	5	6
11122	0.000011771834	5	1	4
1470	0.000026936944	15	7	8
427	0.000032507657	19	13	6
57118	0.000032808294	34	9	25
7095	0.000055221683	21	21	0
64220	0.000012894649	5	3	2
328	0.000150520849	109	56	53
148581	0.000012094253	70	1	69
3921	0.000468303266	276	196	80
6857	0.000059446653	43	25	18
402055	0.000012048212	3	3	0
51166	0.000012036720	3	1	2
8564	0.000017159048	4	2	2
51193	0.000027869599	18	13	5
57621	0.000101909272	44	35	9
5883	0.000070491383	46	27	19
10445	0.000130181315	145	57	88
4798	0.000079377027	36	31	5
55362	0.000023535327	78	7	71
55283	0.000011674794	55	1	54
56479	0.000015855298	9	5	4
220717	0.000113346939	100	56	44
10959	0.000080344250	42	27	15
6419	0.000020648280	12	7	5
79068	0.000017529115	15	3	12
55636	0.000027576816	27	8	19
10567	0.000057362730	81	21	60
9699	0.000056401202	18	17	1
84536	0.000033982103	7	5	2
23612	0.000048002209	96	12	84
9183	0.000102437578	47	34	13
5303	0.000039098514	37	19	18
84689	0.000016596844	6	3	3
113452	0.000028930512	16	10	6
47	0.000102552175	72	49	23
6720	0.000099326204	70	32	38
1431	0.000040806216	35	22	13
8050	0.000082064086	35	29	6
140597	0.000019622245	14	9	5
23780	0.000033379782	32	19	13
22913	0.000111449087	179	90	89
2475	0.000274299856	160	97	63
84232	0.000028093323	15	8	7
9232	0.000065578916	40	22	18
5166	0.000031061908	6	6	0
653240	0.000518653491	57	57	0
2219	0.000025949795	17	3	14
5793	0.000041603829	31	22	9
3151	0.000025211255	15	11	4
157378	0.000039096097	9	8	1
2870	0.000032284582	28	12	16
27430	0.000075606843	41	29	12
75608	0.000011549804	84	0	84
8208	0.000102047740	54	38	16
4214	0.000257369768	240	75	165
51081	0.000093854126	120	70	50
1808	0.000085765100	60	34	26
51069	0.000097461665	101	42	59
57144	0.000039792442	45	19	26
4069	0.000051178038	33	26	7
219854	0.000114639700	24	18	6
6431	0.000136187085	182	130	52
146705	0.000071105804	52	21	31
59271	0.000016300813	35	2	33
55624	0.000044818385	16	13	3
64772	0.000044505861	11	11	0
85439	0.000045652079	43	36	7
476	0.000205554021	160	110	50
8554	0.000357071172	189	156	33
55576	0.000026710475	8	5	3
23647	0.000078815261	65	31	34
5213	0.000110336717	70	50	20
56259	0.000092046904	169	90	79
18749	0.000011549804	30	0	30
26127	0.000046952580	55	24	31
3659	0.000067501313	58	21	37
56926	0.000038111364	26	23	3
51429	0.000048936852	40	30	10
26259	0.000035906732	43	14	29
5698	0.000058038873	79	17	62
246329	0.000141628776	40	27	13
7274	0.000014372826	22	4	18
339834	0.000335683028	63	61	2
74493	0.000011549804	18	0	18
9196	0.000017833920	8	3	5
330	0.000096213439	85	26	59
55611	0.000107795441	94	49	45
55631	0.000034515056	13	11	2
84245	0.000065789712	12	9	3
5868	0.000194565047	120	62	58
4294	0.000052150379	48	21	27
7942	0.000019221366	17	5	12
3683	0.000024336922	12	6	6
1437	0.000013083463	19	2	17
4001	0.000139551558	121	78	43
56915	0.000083070667	95	43	52
5551	0.000019030129	9	5	4
23166	0.000020030953	7	2	5
12261	0.000015048292	61	2	59
10845	0.000125007999	34	29	5
8987	0.000021013573	19	7	12
3603	0.000043100813	99	15	84
10811	0.000047507065	52	25	27
124739	0.000011549804	32	0	32
23551	0.000019434615	22	3	19
84108	0.000071083401	57	32	25
322	0.000083372426	93	28	65
147746	0.000016429520	29	2	27
4957	0.000031110933	129	19	110
26886	0.000011549804	25	0	25
2315	0.000011549804	5	0	5
84967	0.000050034948	21	20	1
57567	0.000023366034	19	8	11
9262	0.000018480312	16	3	13
991	0.000137417642	159	70	89
8483	0.000013343186	2	2	0
23481	0.000149984875	72	47	25
997	0.000124831173	71	42	29
63943	0.000015899078	17	5	12
97064	0.000018190723	18	3	15
57498	0.000060963891	53	51	2
23209	0.000013488513	21	1	20
307548	0.000012121680	1	1	0
79908	0.000011549804	42	0	42
55254	0.000019113392	7	7	0
26973	0.000050965219	52	19	33
22826	0.000067906590	178	60	118
10640	0.000078682898	55	27	28
5395	0.000035931979	56	14	42
114327	0.000105533644	39	32	7
440836	0.000071732201	10	10	0
107242	0.000011549804	63	0	63
55662	0.000085722090	44	29	15
57182	0.000018148880	7	5	2
57578	0.000016717540	4	3	1
3008	0.000034711903	52	28	24
6716	0.000029665583	21	16	5
353	0.000059980820	34	20	14
8833	0.000073979546	57	45	12
2339	0.000044465423	27	13	14
83983	0.000019115661	21	3	18
29890	0.000043058415	28	21	7
91768	0.000035171267	19	17	2
3514	0.000057831010	28	24	4
8402	0.000038932698	48	32	16
56334	0.000011549804	116	0	116
7044	0.000052457057	11	9	2
116173	0.000331275001	87	71	16
2261	0.000051586898	56	14	42
8887	0.000153736409	100	53	47
51043	0.000056099848	44	27	17
4621	0.000020678112	9	7	2
1062	0.000038282099	39	17	22
113961	0.000011601525	1	1	0
221656	0.000053224203	22	11	11
1781	0.000087962250	64	40	24
55718	0.000056291820	42	16	26
6281	0.000061369363	55	30	25
17127	0.000017530489	40	5	35
22870	0.000067421534	57	30	27
9100	0.000081242279	51	34	17
281370	0.000014248830	2	2	0
6573	0.000017161326	10	5	5
7021	0.000059307853	18	12	6
79665	0.000021295937	20	10	10
26532	0.000011549804	5	0	5
23580	0.000051664343	30	13	17
19346	0.000011549804	1	0	1
2665	0.000059767217	61	28	33
23189	0.000018020774	11	10	1
20128	0.000015339155	3	1	2
55704	0.000059277824	67	39	28
5641	0.000033993596	18	13	5
84942	0.000032561495	14	14	0
6757	0.000012050839	23	1	22
4113	0.000023148963	52	10	42
29028	0.000032835284	21	15	6
79727	0.000013618870	85	3	82
23185	0.000022073100	27	25	2
5027	0.000027894334	19	8	11
8239	0.000262280945	139	116	23
5699	0.000047856346	28	18	10
5691	0.000128710973	108	70	38
100134938	0.000018105684	13	13	0
4878	0.000029165524	17	12	5
51397	0.000024604630	15	8	7
6945	0.000030310011	26	11	15
84063	0.000012616615	10	2	8
94005	0.000049705636	42	23	19
8419	0.000030959813	47	9	38
140909	0.000011907557	1	1	0
55075	0.000080357968	40	34	6
114932	0.000112997218	44	36	8
8682	0.000085454356	36	31	5
8772	0.000189966096	85	58	27
6929	0.000281918484	206	86	120
21423	0.000013535398	3	1	2
3055	0.000090729233	142	40	102
9693	0.000293210332	105	53	52
554313	0.000044509929	57	37	20
10251	0.000023036860	28	10	18
7372	0.000061418695	45	28	17
3145	0.000112133818	17	13	4
3763	0.000025815077	11	6	5
83902	0.000040864256	42	24	18
29090	0.000013578503	4	2	2
26267	0.000015842479	5	5	0
3892	0.000025442197	49	15	34
57534	0.000090450586	67	52	15
993	0.000088481580	64	30	34
8888	0.000075817826	39	36	3
1121	0.000042876820	22	11	11
57695	0.000019021150	19	5	14
23526	0.000020434049	11	7	4
135228	0.000021543000	21	21	0
26469	0.000017873256	14	9	5
5530	0.000110158730	85	36	49
5819	0.000051743812	37	16	21
81851	0.000219041282	201	120	81
23328	0.000030771875	14	11	3
23400	0.000022669397	61	14	47
55353	0.000040132785	16	12	4
83759	0.000030521499	64	14	50
961	0.000086504753	34	30	4
163183	0.000276122426	97	52	45
7702	0.000042562323	29	14	15
51368	0.000021212309	46	11	35
23353	0.000023382703	19	14	5
51319	0.000049995186	38	24	14
60673	0.000055883862	45	12	33
2309	0.000067129311	81	37	44
10755	0.000091570803	52	22	30
9276	0.000132271972	68	53	15
57038	0.000016848874	19	5	14
127829	0.000036291019	8	8	0
10859	0.000013626076	8	1	7
931	0.000030670819	23	14	9
25524	0.000011601525	1	1	0
55964	0.000043625780	32	16	16
8195	0.000064116376	23	10	13
10523	0.000066588229	97	42	55
2800	0.000024379408	28	10	18
10095	0.000068515964	73	47	26
81627	0.000026739899	24	20	4
84284	0.000034833019	20	19	1
57569	0.000012028834	1	1	0
54353	0.000013883560	1	1	0
6048	0.000074519984	74	38	36
64755	0.000016353179	11	8	3
150	0.000032314619	24	3	21
79709	0.000029862729	24	19	5
5351	0.000071792385	43	40	3
22003	0.000011971188	97	1	96
80305	0.000016674454	13	4	9
26523	0.000125539279	77	33	44
1122	0.000022393304	12	6	6
4773	0.000050303657	53	23	30
5606	0.000056455500	40	29	11
9479	0.000159226042	36	27	9
336	0.000034894719	21	14	7
8694	0.000022423363	6	5	1
6627	0.000210432337	267	164	103
10421	0.000057334007	194	33	161
29088	0.000073141630	109	50	59
55168	0.000058584869	90	51	39
84286	0.000011549804	1	0	1
135138	0.000013171632	19	2	17
64324	0.000041370939	41	9	32
2063	0.000035174081	31	11	20
83933	0.000024649059	21	7	14
7469	0.000031859703	27	17	10
25562	0.000012130191	2	1	1
142686	0.000011549804	20	0	20
5514	0.000121293479	41	38	3
214444	0.000011549804	19	0	19
170589	0.000016961668	22	1	21
4012	0.000023822891	38	19	19
84188	0.000026299527	13	13	0
4016	0.000014001162	4	3	1
84941	0.000013374446	13	2	11
65018	0.000098782411	62	20	42
22850	0.000024145437	15	15	0
10568	0.000019235205	11	4	7
84152	0.000029902156	16	13	3
8794	0.000026036356	14	8	6
55892	0.000017256518	8	7	1
100505385	0.000011549804	47	0	47
10270	0.000049693802	69	42	27
222	0.000021667595	48	16	32
1047	0.000086713823	37	25	12
3845	0.000069240810	78	26	52
54764	0.000178091047	169	83	86
94121	0.000062678453	29	22	7
83755	0.000204101025	149	95	54
440023	0.001026382430	75	73	2
7013	0.000102207035	321	35	286
10130	0.000105531408	96	65	31
54800	0.000021484801	13	10	3
124923	0.000018083146	6	4	2
51247	0.000020384578	15	9	6
113878	0.000260720696	102	71	31
402381	0.000130386126	27	24	3
55026	0.000011549804	12	0	12
25801	0.000030440172	20	13	7
22863	0.000041905916	16	9	7
11274	0.000028660818	20	10	10
8780	0.000046096470	28	18	10
57730	0.000024460568	14	10	4
55663	0.000076780756	59	34	25
6850	0.000227268952	138	75	63
129563	0.000023780737	12	8	4
939	0.000028930250	33	4	29
56913	0.000017814603	9	4	5
4776	0.000043775199	28	15	13
23404	0.000043413565	59	30	29
348174	0.000027806032	14	5	9
4126	0.000050311013	12	12	0
51454	0.000031884723	9	8	1
27076	0.000055617512	114	18	96
9772	0.000014521707	5	5	0
320271	0.000011549804	14	0	14
5211	0.000083636662	72	50	22
121457	0.000036406838	35	24	11
150082	0.000064562172	18	15	3
64930	0.000011549804	19	0	19
7818	0.000203636605	138	99	39
1184	0.000021931041	7	6	1
5542	0.000017650352	6	3	3
6361	0.000014039335	5	2	3
6778	0.000150237271	78	48	30
389289	0.000011589791	1	1	0
84612	0.000070750540	89	21	68
7392	0.000180861622	46	32	14
5959	0.000051821102	15	9	6
22828	0.000025711455	45	21	24
25771	0.000014282043	22	2	20
64746	0.000038028306	30	19	11
55324	0.000040129180	31	17	14
8479	0.000084093128	37	27	10
83606	0.000075675586	77	32	45
4715	0.000096867572	95	60	35
79698	0.000029226136	10	8	2
55715	0.000023997098	43	12	31
23382	0.000062516016	33	24	9
55726	0.000028112152	19	8	11
25896	0.000066660091	53	44	9
23022	0.000063488316	49	44	5
116540	0.000067639013	145	33	112
23204	0.000099567267	82	33	49
1824	0.000023160646	15	12	3
1466	0.000019286496	15	9	6
5552	0.000039876715	43	20	23
130574	0.000011549804	30	0	30
253558	0.000030776232	13	13	0
9675	0.000068469578	44	28	16
8751	0.000061622012	48	23	25
831	0.000139925548	51	36	15
836	0.000291065373	181	98	83
2815	0.000014322048	25	4	21
886	0.000016197906	3	1	2
887	0.000049377795	13	10	3
51071	0.000023407761	16	7	9
4860	0.000061972255	59	33	26
94234	0.000011601710	106	1	105
7750	0.000124604761	82	58	24
5063	0.000034193679	20	10	10
29128	0.000071680494	62	32	30
4849	0.000068366513	35	31	4
854872	0.000012972012	1	1	0
90411	0.000123681272	45	34	11
11200	0.000080905992	111	30	81
7098	0.000031468541	24	8	16
5264	0.000041916119	22	13	9
6890	0.000082348643	49	35	14
4676	0.000089922065	71	58	13
9879	0.000394176312	173	161	12
23403	0.000023800574	23	15	8
84984	0.000102508395	127	30	97
13835	0.000013372753	1	1	0
11064	0.000021527233	159	6	153
388951	0.000211856399	12	12	0
27301	0.000021816177	15	9	6
3221	0.000105496474	29	8	21
1196	0.000036346826	92	12	80
79882	0.000066581001	39	37	2
1791	0.000018656487	13	3	10
116092	0.000061933468	30	24	6
2548	0.000062013105	32	18	14
2720	0.000038761642	35	22	13
17191	0.000011549804	19	0	19
4055	0.000022003111	75	7	68
23338	0.000029858014	36	12	24
54520	0.000026188330	38	13	25
27020	0.000017489596	10	7	3
127343	0.000259442813	94	73	21
5515	0.000303684386	262	145	117
84634	0.000013787934	2	1	1
125115	0.001009288256	378	306	72
320714	0.000011549804	13	0	13
11168	0.000060355483	58	37	21
951475	0.000058710781	109	17	92
85235	0.000013017577	5	5	0
170572	0.000013177605	80	1	79
138311	0.000013185180	4	3	1
1163	0.000046740227	79	20	59
285636	0.000023227211	4	4	0
147650	0.000019988705	4	4	0
147015	0.000012212649	3	2	1
6726	0.000062779404	50	37	13
84304	0.000081072106	21	16	5
148156	0.000037343621	12	8	4
215819	0.000011549804	24	0	24
23704	0.000016284908	9	3	6
3784	0.000022987007	33	5	28
10155	0.000399834920	254	163	91
5460	0.000056904025	66	16	50
3009	0.000118649252	61	49	12
50626	0.000056890400	28	14	14
138429	0.000011549804	3	0	3
3959	0.000119093237	146	79	67
28976	0.000049116380	64	27	37
23042	0.000033887345	24	19	5
63894	0.000037573462	11	4	7
6648	0.000192662820	112	68	44
8533	0.000111389752	97	62	35
1478	0.000077591412	99	35	64
54760	0.000032296763	26	13	13
126	0.000014700708	28	1	27
10758	0.000053221789	40	17	23
653509	0.000017334490	7	2	5
57659	0.000028735556	20	11	9
9721	0.000356035807	26	9	17
8539	0.000076358952	39	26	13
8721	0.000071452977	34	23	11
1656	0.000066486424	134	43	91
1674	0.000085797567	75	23	52
54971	0.000278623521	171	85	86
196472	0.000052213017	16	13	3
72415	0.000011549804	15	0	15
10402	0.000012598745	3	2	1
8623	0.000016360245	12	7	5
269582	0.000011549804	16	0	16
8711	0.000029103404	30	17	13
79188	0.000066605495	45	41	4
144811	0.000025733839	28	3	25
64426	0.000083351171	41	32	9
1893	0.000033364800	38	14	24
54935	0.000029682877	31	6	25
131583	0.000020463927	13	2	11
57443	0.000023402397	7	7	0
8440	0.000141305590	182	54	128
340527	0.000060534586	23	22	1
6232	0.000302358794	191	133	58
51617	0.000046119705	17	9	8
10815	0.000013483409	40	2	38
23380	0.000028988660	26	14	12
50618	0.000075054846	92	26	66
79184	0.000094664836	57	34	23
2965	0.000067478980	91	33	58
10018	0.000081200861	60	25	35
23220	0.000012605518	3	1	2
147945	0.000023259656	8	5	3
151963	0.000028482925	18	18	0
79673	0.000031881016	20	11	9
51157	0.000033434981	26	13	13
10009	0.000054261323	51	25	26
2242	0.000095755241	49	11	38
54708	0.000047058469	36	17	19
23678	0.000016013534	10	3	7
55706	0.000038995728	32	31	1
1789	0.000125317845	78	35	43
310836	0.000011601525	1	1	0
166336	0.000011549804	13	0	13
290447	0.000013543863	3	3	0
28981	0.000021951805	24	15	9
56912	0.000018495063	8	7	1
10735	0.000058379038	53	32	21
85287	0.000399032950	14	13	1
1852	0.000019430621	11	9	2
150684	0.000120577990	61	31	30
285367	0.000022120607	17	14	3
84312	0.000075250896	29	19	10
945	0.000019687534	13	3	10
3886	0.000041259760	90	22	68
154881	0.000114714499	38	34	4
58155	0.000056513311	25	20	5
10193	0.000062762914	62	26	36
3101	0.000037624806	32	13	19
5236	0.000108300395	62	37	25
51	0.000096345796	51	32	19
9588	0.000114450539	78	56	22
4200	0.000012017663	9	4	5
91662	0.000017231555	7	5	2
22905	0.000064239569	48	28	20
401541	0.000101658146	38	29	9
3206	0.000040308014	24	17	7
337972	0.000334927280	83	74	9
6397	0.000016496028	5	4	1
2739	0.000051844928	42	16	26
10202	0.000026637772	88	17	71
11267	0.000122423366	49	29	20
268	0.000012266581	7	2	5
84288	0.000012376661	2	2	0
6927	0.000162198864	79	43	36
8204	0.000090903425	69	37	32
115950	0.000020558552	3	3	0
10190	0.000063299402	70	29	41
79598	0.000055267617	58	29	29
3783684	0.000012514307	7	1	6
55224	0.000031514505	15	5	10
3096	0.000061408318	54	33	21
55365	0.000032876933	7	5	2
10769	0.000023660266	51	7	44
55684	0.000059961830	41	36	5
80174	0.000026169854	20	11	9
6451	0.000035990222	15	13	2
23253	0.000018288407	18	7	11
6629	0.000183809462	225	154	71
105787	0.000011549804	24	0	24
29982	0.000047971411	29	16	13
25895	0.000012062788	63	2	61
11187	0.000043782192	37	26	11
7381	0.000204005448	111	77	34
8224	0.000027513618	7	4	3
5657	0.000031875940	15	7	8
820	0.000032328129	7	6	1
8942	0.000109003078	55	26	29
7133	0.000302804404	125	82	43
7006	0.000088288134	43	32	11
92609	0.000178428738	89	85	4
94186	0.000012892992	42	1	41
9296	0.000108307230	53	45	8
8125	0.000136489025	66	42	24
130	0.000014700708	30	1	29
56992	0.000039430755	27	11	16
79767	0.000041023887	14	14	0
16554	0.000011549804	24	0	24
79670	0.000033887719	20	18	2
372	0.000048386438	41	27	14
28987	0.000056347582	29	26	3
5307	0.000028322662	88	21	67
83451	0.000037401046	22	15	7
2300	0.000011549804	126	0	126
3344	0.000017630463	11	5	6
5989	0.000040476472	25	19	6
51009	0.000057163629	51	24	27
23344	0.000030335928	33	25	8
133686	0.000011589791	16	1	15
114625	0.000014292365	3	2	1
118471	0.000034918084	23	6	17
8405	0.000145152752	41	24	17
40958	0.000018556784	1	1	0
53340	0.000034121692	13	6	7
54974	0.000055803260	30	18	12
4772	0.000054446679	82	23	59
8742	0.000030361177	10	6	4
337882	0.000102924056	34	30	4
219541	0.000042922768	120	20	100
22936	0.000034564336	29	17	12
23225	0.000045147388	34	33	1
51053	0.000102162928	56	34	22
83547	0.000019930185	13	4	9
23339	0.000038289842	19	13	6
1983	0.000066126010	66	27	39
2081	0.000040599702	29	7	22
2303	0.000017132343	37	4	33
9745	0.000020757680	7	7	0
55040	0.000029115256	31	9	22
65993	0.000170338297	105	96	9
506	0.000145123525	158	102	56
51599	0.000037177520	28	25	3
84440	0.000024561229	11	5	6
6688	0.000083387176	59	32	27
113457	0.000030170676	50	12	38
26064	0.000064619370	62	57	5
6638	0.000072837706	51	40	11
53	0.000089912286	43	30	13
80237	0.000020788177	16	4	12
80254	0.000104000854	132	43	89
55787	0.000072405771	41	31	10
4205	0.000079106862	77	29	48
29883	0.000037110633	48	26	22
51435	0.000055428616	46	7	39
8991	0.000043017229	42	20	22
51003	0.000236521948	101	80	21
84168	0.000036508102	54	19	35
152992	0.000023156940	10	10	0
35	0.000053002501	38	22	16
7403	0.000031107124	28	9	19
55257	0.000057099719	69	24	45
2892	0.000020511295	13	5	8
6671	0.000038750582	35	16	19
139067	0.000027204863	19	7	12
3813	0.000012437986	24	1	23
5493	0.000083123834	73	39	34
76843	0.000011549804	32	0	32
829	0.000192590360	122	107	15
7374	0.000042998879	20	14	6
53598	0.000011549804	72	0	72
9994	0.000046604700	24	15	9
23408	0.000020024453	12	8	4
7317	0.000196636830	161	96	65
152663	0.000018899425	11	11	0
22818	0.000048726498	28	18	10
1487	0.000158691025	169	63	106
56344	0.000041231861	17	9	8
6050	0.000065248717	35	26	9
8676	0.000083027398	91	24	67
100132565	0.000196726339	18	18	0
51010	0.000030640339	33	10	23
23016	0.000046612177	45	25	20
4316	0.000041944019	37	5	32
25936	0.000043331905	32	18	14
9141	0.000030482197	35	21	14
7052	0.000249838833	117	71	46
4058	0.000026935471	10	4	6
94081	0.000054089154	52	35	17
64976	0.000185391275	120	90	30
2051	0.000025060015	26	8	18
51023	0.000042615816	86	34	52
22858	0.000060025861	29	17	12
5315	0.000165836731	192	125	67
8314	0.000057595058	62	28	34
339799	0.000014697162	2	2	0
283742	0.000064130613	35	30	5
158506	0.000030813818	13	5	8
353323	0.000452568841	132	117	15
6167	0.000099768311	100	55	45
199834	0.000082587488	69	43	26
1522	0.000014385122	27	8	19
7704	0.000298009408	164	101	63
79784	0.000051568904	45	26	19
10465	0.000052230082	158	32	126
79447	0.000020184256	18	7	11
6734	0.000036788101	35	21	14
51734	0.000037534221	22	14	8
23433	0.000054565538	23	13	10
3239	0.000038758398	43	35	8
91392	0.000014126794	2	2	0
163	0.000090597045	127	66	61
8365	0.000099812992	59	55	4
221496	0.000026714896	17	17	0
114825	0.000019856007	7	6	1
3035	0.000099202993	118	40	78
10228	0.000049250689	61	24	37
8731	0.000025061653	18	13	5
23633	0.000127277710	81	58	23
4052	0.000023807450	18	13	5
28977	0.000068406047	95	44	51
3838	0.000291795838	223	139	84
4528	0.000080359771	44	30	14
6285	0.000075872405	39	21	18
10397	0.000102775963	110	33	77
1797	0.000024442250	16	7	9
9353	0.000030675437	11	10	1
23511	0.000080613031	49	47	2
7784	0.000022116691	9	3	6
284521	0.000014760878	1	1	0
65265	0.000038735668	66	24	42
1616	0.000218292216	216	78	138
8661	0.000177580188	133	94	39
51582	0.000032644905	17	7	10
51567	0.000111766101	34	33	1
398	0.000024311398	15	5	10
645455	0.000211930414	101	35	66
10381	0.000138552047	121	92	29
5585	0.000071307618	114	32	82
5297	0.000050890528	40	32	8
8737	0.000232825329	98	71	27
30001	0.000033384737	25	14	11
79954	0.000048132592	21	15	6
134430	0.000116370096	58	45	13
204	0.000041543613	51	23	28
1947	0.000027472589	32	18	14
7074	0.000106365099	44	35	9
151613	0.000043472371	14	12	2
11345	0.000100338942	159	32	127
3586	0.000033212487	13	5	8
851736	0.000012972012	1	1	0
6364	0.000016988850	5	3	2
7043	0.000065610227	17	15	2
125150	0.000011549804	7	0	7
5892	0.000050221315	49	18	31
2826	0.000023985475	14	4	10
2963	0.000128079007	90	44	46
9150	0.000120869601	68	42	26
79176	0.000041757981	20	17	3
90827	0.000013916373	6	2	4
3857	0.000062180858	53	49	4
9694	0.000053861261	111	26	85
284654	0.000036815776	13	3	10
55231	0.000026339808	14	11	3
6249	0.000115332067	35	24	11
10428	0.000019717502	11	5	6
1439	0.000024883539	35	7	28
5290	0.000129148547	82	44	38
2248	0.000015857235	8	3	5
3978	0.000039867231	47	22	25
4056	0.000017370182	4	1	3
241	0.000019094933	7	4	3
55041	0.000093819042	55	31	24
81490	0.000027980864	8	7	1
8856	0.000054502775	36	15	21
286499	0.000082537864	13	12	1
64432	0.000102443744	100	74	26
10360	0.000030466530	27	20	7
10625	0.000038817185	73	21	52
2683	0.000033829812	33	19	14
80108	0.000025003138	13	10	3
55588	0.000087583582	99	40	59
548596	0.000067195070	27	20	7
74470	0.000011549804	53	0	53
60493	0.000060355491	31	29	2
112609	0.000058411762	8	6	2
56246	0.000050815377	7	5	2
54894	0.000036343341	22	12	10
5439	0.000096165003	74	43	31
10302	0.000048558874	27	10	17
3563	0.000031407490	19	11	8
4261	0.000046308096	34	14	20
3068	0.000118517755	212	18	194
55110	0.000084849514	65	43	22
26019	0.000065216896	101	27	74
196513	0.000041820318	30	20	10
8424	0.000014521123	15	1	14
54534	0.000103887709	129	39	90
140938	0.000011549804	1	0	1
55022	0.000052681910	20	9	11
25827	0.000014472920	19	3	16
5199	0.000028061283	32	4	28
22908	0.000023337969	18	11	7
55670	0.000014403770	6	3	3
54960	0.000035209739	24	11	13
22889	0.000044234815	14	12	2
7071	0.000017055631	19	4	15
11326	0.000016586769	62	2	60
57335	0.000020839182	17	8	9
55076	0.000012137707	2	2	0
26206	0.000046046398	89	26	63
284312	0.000167170473	48	37	11
9344	0.000034467430	16	7	9
6835	0.000042267263	56	11	45
57602	0.000015844628	37	8	29
27037	0.000056910318	38	35	3
9748	0.000075886066	22	14	8
10169	0.000024288112	27	10	17
51545	0.000067393979	84	39	45
7076	0.000024565228	14	8	6
3817	0.000021602317	20	5	15
482	0.000011549804	8	0	8
23237	0.000028779870	8	5	3
63898	0.000098075103	79	55	24
1316	0.000028757959	18	4	14
1952	0.000042138267	16	12	4
4350	0.000055051186	96	31	65
9960	0.000040768906	34	10	24
5313	0.000034535901	22	16	6
7486	0.000100714671	53	37	16
10890	0.000100986365	54	35	19
92170	0.000025204137	10	8	2
157697	0.000022621142	2	2	0
17222	0.000011549804	14	0	14
57587	0.000019868624	41	13	28
64129	0.000024032496	23	11	12
27324	0.000033157149	16	10	6
8935	0.000044457813	15	13	2
115948	0.000035116435	33	7	26
51122	0.000023610234	26	15	11
23029	0.000121795560	34	31	3
7156	0.000092849151	35	33	2
3419	0.000109753404	54	30	24
54644	0.000011549804	7	0	7
727957	0.000015593000	4	4	0
282335	0.000012972012	2	1	1
10120	0.000040015666	49	20	29
708	0.000235241912	233	149	84
23608	0.000045270571	77	22	55
222166	0.000077473595	21	18	3
8995	0.000011549804	1	0	1
8784	0.000026850699	6	2	4
54957	0.000022382487	17	11	6
379	0.000022635195	22	3	19
23162	0.000031535653	36	10	26
3678	0.000070108294	50	29	21
5020	0.000018084170	6	4	2
7867	0.000024128911	24	11	13
23223	0.000084989262	66	52	14
26985	0.000105588384	67	52	15
5170	0.000094021338	106	35	71
8498	0.000121885605	61	39	22
391356	0.000032167242	7	6	1
83746	0.000192129823	75	60	15
4637	0.000111918740	143	88	55
3938	0.000027167318	16	9	7
4759	0.000025437772	23	8	15
80306	0.000049354511	83	21	62
25937	0.000036519901	34	17	17
73804	0.000011549804	14	0	14
58524	0.000059940139	73	41	32
11920	0.000011549804	6	0	6
23190	0.000026974827	26	11	15
9354	0.000045185261	26	23	3
8344	0.000206780706	100	90	10
8458	0.000050988927	53	39	14
4931	0.000030710464	27	24	3
23244	0.000084618998	69	61	8
404636	0.000023981939	11	11	0
20826	0.000011549804	46	0	46
10494	0.000034626559	57	16	41
84271	0.000084691669	66	59	7
10332	0.000019487122	9	4	5
2705	0.000018298989	24	5	19
5217	0.000093235940	49	33	16
22927	0.000029623781	33	8	25
5588	0.000142454647	136	83	53
164312	0.000017690040	6	4	2
4729	0.000096677058	86	58	28
4331	0.000064532435	63	31	32
2967	0.000033126814	46	17	29
5771	0.000060922468	39	28	11
10621	0.000089884761	43	24	19
21951	0.000011549804	17	0	17
7494	0.000065921170	31	16	15
67490	0.000011549804	59	0	59
114984	0.000036895602	17	13	4
27034	0.000068909071	63	24	39
8687	0.000054803264	74	29	45
140807	0.000046513656	20	16	4
80232	0.000069938242	57	40	17
64783	0.000124877386	170	121	49
26528	0.000032922016	80	31	49
3030	0.000086587824	106	68	38
196528	0.000046936992	38	24	14
158405	0.000028375468	14	13	1
733	0.000033948233	3	2	1
4282	0.000118947552	77	58	19
6860	0.000026424032	12	8	4
3305	0.000198265429	163	108	55
10527	0.000136941591	94	82	12
92736	0.000124767349	41	40	1
23787	0.000078628769	51	36	15
3577	0.000039993655	21	8	13
5473	0.000082650859	26	22	4
55226	0.000119181314	156	104	52
5814	0.000062685150	29	20	9
10730	0.000059670688	38	31	7
51726	0.000063728598	86	42	44
55139	0.000020731266	11	6	5
10053	0.000102336535	36	12	24
1174	0.000033276143	26	11	15
54532	0.000029139009	26	8	18
100328572	0.000011549804	2	0	2
116461	0.000103256926	27	19	8
9761	0.000041381191	22	19	3
5575	0.000067920819	93	33	60
7565	0.000018310125	13	2	11
284996	0.000044924015	73	35	38
84294	0.000036691232	36	26	10
4988	0.000045794902	77	18	59
8471	0.000103981447	105	61	44
4342	0.000027313109	65	14	51
6002	0.000038400160	18	13	5
5534	0.000045139664	30	20	10
10054	0.000143425908	85	41	44
10726	0.000102031157	89	54	35
55173	0.000105718119	104	74	30
13627	0.000012892992	34	1	33
1615	0.000068512778	86	54	32
23035	0.000017848294	14	6	8
9672	0.000077958671	39	16	23
4125	0.000025282110	21	11	10
9147	0.000048284677	20	20	0
4999	0.000119609594	65	45	20
1965	0.000076654440	87	44	43
9114	0.000166443775	86	69	17
381644	0.000011549804	65	0	65
90480	0.000116133555	93	73	20
56420	0.000017631671	31	1	30
4100	0.000022050688	79	8	71
84969	0.000037026240	22	13	9
7040	0.000189161786	108	45	63
440051	0.001134944547	53	53	0
9411	0.000024883918	12	9	3
255626	0.000044465810	95	16	79
8970	0.000029726163	18	16	2
5411	0.000121486167	144	100	44
60625	0.000074817390	93	70	23
64776	0.000017477040	13	7	6
375567	0.000218004976	55	51	4
688	0.000116439648	62	43	19
4519	0.000064191089	73	26	47
4731	0.000139204922	79	71	8
6385	0.000048327236	27	15	12
3295	0.000085271025	72	45	27
8871	0.000030455140	13	11	2
8892	0.000049936349	56	26	30
68581	0.000011549804	72	0	72
402643	0.000023540992	7	6	1
10277	0.000104631393	77	43	34
84905	0.000026694148	13	11	2
3207	0.000016807568	8	3	5
11325	0.000044779468	50	34	16
10200	0.000027020156	42	13	29
8666	0.000078701918	60	46	14
84616	0.000039032561	65	26	39
4092	0.000072208713	94	26	68
3572	0.000037565581	43	13	30
362	0.000016124515	11	2	9
147804	0.000015976236	1	1	0
286343	0.000033511468	16	5	11
10398	0.000028766344	30	14	16
51070	0.000044148051	22	16	6
57703	0.000103239694	178	114	64
162333	0.000023380989	8	7	1
853973	0.000011549804	1	0	1
762	0.000018159174	6	3	3
16709	0.000013869405	73	1	72
8971	0.000324437175	146	133	13
26130	0.000049419124	36	31	5
5922	0.000022537819	2	2	0
376267	0.000014518143	4	3	1
9656	0.000086327461	194	43	151
283576	0.000032055478	4	3	1
10550	0.000047086549	34	27	7
51562	0.000164347677	85	39	46
5318	0.000037121868	60	37	23
5764	0.000339542260	105	88	17
148066	0.000034894606	12	10	2
9551	0.000105726886	54	38	16
7421	0.000231680149	125	62	63
208768	0.000012716842	1	1	0
23348	0.000023492040	5	5	0
2181	0.000036440341	51	33	18
79968	0.000025532395	46	16	30
3091	0.000199527948	180	72	108
1999	0.000040669953	58	8	50
337880	0.000185134598	110	81	29
22872	0.000093419173	51	37	14
10427	0.000057400412	35	31	4
10254	0.000102111371	74	39	35
55215	0.000050798136	51	32	19
64395	0.000265275751	119	67	52
84256	0.000034057900	23	19	4
146664	0.000212870153	108	76	32
9170	0.000026843723	8	6	2
140901	0.000011589791	6	1	5
237459	0.000013883560	1	1	0
9373	0.000035994330	38	21	17
2923	0.000145402880	142	71	71
84167	0.000021984536	11	8	3
60491	0.000385909836	167	119	48
118881	0.000023933796	69	5	64
10901	0.000040004549	15	15	0
403	0.000013819721	14	2	12
54517	0.000052439315	42	19	23
8672	0.000078450685	37	34	3
9844	0.000019564257	20	7	13
57541	0.000038207746	20	14	6
19386	0.000011549804	77	0	77
331	0.000275771733	162	89	73
10213	0.000184612567	120	60	60
29956	0.000049769237	39	22	17
2737	0.000045059439	29	18	11
10283	0.000051870637	93	12	81
79959	0.000284215197	204	88	116
10572	0.000053916515	41	20	21
29105	0.000052883913	137	59	78
51504	0.000083479139	50	41	9
55322	0.000015767821	6	4	2
1337	0.000013414363	18	4	14
7384	0.000203526300	120	107	13
4739	0.000072065612	68	24	44
2491	0.000044951401	43	18	25
51773	0.000051668677	59	36	23
67465	0.000012282005	35	1	34
80830	0.000024733148	9	8	1
79876	0.000098558668	80	27	53
2625	0.000036282495	42	14	28
2994	0.000013458568	5	2	3
79980	0.000042391252	51	19	32
51643	0.000039328212	33	11	22
4478	0.000151969258	146	65	81
267	0.000092870209	111	37	74
27132	0.000045105586	32	23	9
283303	0.000048201166	9	9	0
5226	0.000099180951	65	47	18
20227	0.000011549804	22	0	22
55742	0.000078185065	35	22	13
9779	0.000024958801	19	11	8
3623	0.000023076726	10	2	8
3625	0.000035684902	10	4	6
10472	0.000036587464	13	8	5
353133	0.000119907350	67	44	23
2873	0.000072573027	68	42	26
7629	0.000045624049	71	23	48
414236	0.000758010803	49	47	2
51128	0.000031879552	15	14	1
170506	0.000079141730	198	59	139
100356064	0.000011549804	3	0	3
10787	0.000063427826	44	29	15
11031	0.000028183916	31	18	13
8649	0.000089680698	85	21	64
79682	0.000089051278	81	40	41
54331	0.000058848426	51	29	22
8912	0.000020678016	7	6	1
3972	0.000017994273	7	4	3
3973	0.000025583441	16	6	10
26275	0.000047364485	32	14	18
5547	0.000042391114	26	17	9
100526836	0.001678760133	67	67	0
4144	0.000060743763	45	30	15
856862	0.000022964152	10	4	6
23558	0.000043339715	21	15	6
8356	0.000122219190	78	53	25
23177	0.000032628784	22	14	8
65003	0.000208127189	139	105	34
79839	0.000151289464	88	62	26
8148	0.000165142857	99	79	20
6907	0.000091249568	52	33	19
3386	0.000011938434	17	2	15
51560	0.000057298008	29	23	6
2903	0.000060890244	36	17	19
56478	0.000071638279	57	47	10
1102	0.000027393311	12	6	6
7923	0.000183146088	39	30	9
1164	0.000030322895	25	9	16
389677	0.000030656464	21	20	1
1558	0.000019278491	14	6	8
11518	0.000015351495	2	2	0
3694	0.000017040405	10	5	5
7259	0.000036414786	25	16	9
142689	0.000014111120	28	1	27
154664	0.000012011173	5	2	3
854889	0.000018557551	2	2	0
353132	0.000119910926	70	43	27
692089	0.000011972613	1	1	0
60626	0.000076449722	37	25	12
64219	0.000067730257	53	31	22
908	0.000424183437	190	174	16
2673	0.000158798191	79	48	31
51426	0.000031866219	41	8	33
83747	0.000028507377	8	8	0
493861	0.000045216613	27	10	17
80142	0.000055238674	17	15	2
9156	0.000047334488	26	19	7
4835	0.000025326859	16	8	8
348110	0.000042841736	13	12	1
215387	0.000011549804	18	0	18
121599	0.000015032541	4	2	2
51121	0.000111498381	92	68	24
56852	0.000076508903	74	39	35
55327	0.000039177763	42	26	16
8896	0.000180464426	167	121	46
9381	0.000013144946	2	2	0
1374	0.000032680163	57	27	30
5684	0.000196518143	299	105	194
10059	0.000064036136	58	30	28
25820	0.000114208746	42	31	11
162427	0.000101593272	71	39	32
7905	0.000056967263	51	26	25
7106	0.000022277493	44	8	36
8646	0.000075343196	54	17	37
22827	0.000195571996	258	102	156
7073	0.000094230420	81	54	27
55466	0.000110986023	43	25	18
29991	0.000011549804	7	0	7
653404	0.000013421192	19	3	16
203328	0.000011549804	20	0	20
50489	0.000018421804	5	4	1
55593	0.000018618989	21	6	15
23414	0.000031951552	18	10	8
6541	0.000011947875	11	4	7
4820	0.000023626010	14	14	0
80324	0.000061637635	37	23	14
79811	0.000032055846	22	20	2
79871	0.000033553772	65	21	44
54438	0.000015089576	41	5	36
60509	0.000011959773	2	2	0
54585	0.000042707980	26	12	14
53972	0.000012892992	1	1	0
152189	0.000013936670	2	1	1
9736	0.000090400637	41	27	14
57129	0.000083820082	102	44	58
57655	0.000022134887	16	14	2
51150	0.000044964813	82	35	47
5334	0.000043503280	38	26	12
8526	0.000040799053	26	18	8
4915	0.000075256773	40	25	15
4335	0.000020885748	16	9	7
98	0.000053887047	11	9	2
58487	0.000051724514	17	12	5
10688	0.000019188377	1	1	0
9092	0.000308062205	225	191	34
4130	0.000051439990	36	25	11
7518	0.000070041477	43	24	19
80114	0.000012664131	3	3	0
55011	0.000053780010	62	29	33
23299	0.000064796751	67	34	33
5669	0.000015010713	22	1	21
80308	0.000089098098	41	36	5
23624	0.000065866327	40	17	23
40	0.000015829405	6	1	5
80856	0.000062142390	28	28	0
5570	0.000028823776	8	6	2
140902	0.000019919129	3	1	2
51100	0.000130597158	79	41	38
4919	0.000024464698	8	3	5
50619	0.000026962793	50	10	40
5862	0.000148049898	114	64	50
445	0.000127567247	90	59	31
1586	0.000039891919	37	18	19
5447	0.000075318674	38	25	13
126069	0.000025008688	10	6	4
79710	0.000016394534	10	8	2
51373	0.000045876441	87	40	47
100359600	0.000011601525	1	1	0
1977	0.000113439620	73	27	46
11212	0.000130803219	63	47	16
5105	0.000069412532	98	24	74
7187	0.000221190361	138	77	61
10198	0.000037008078	31	30	1
29760	0.000037857583	50	10	40
388512	0.000124056417	22	21	1
2690	0.000072983083	53	24	29
5780	0.000022575218	25	11	14
55388	0.000104480343	60	45	15
10844	0.000050459510	86	37	49
55142	0.000026533309	99	23	76
54930	0.000043637320	37	34	3
7248	0.000170650053	117	59	58
70470	0.000011549804	34	0	34
2532	0.000016754412	8	2	6
240	0.000039953880	31	6	25
5001	0.000079804495	41	30	11
112858	0.000056788383	53	24	29
129831	0.000042964401	36	22	14
55143	0.000039994738	53	22	31
6809	0.000083253116	77	49	28
51066	0.000013350914	3	2	1
1378	0.000011549804	11	0	11
9372	0.000073401943	52	22	30
4758	0.000044869664	29	18	11
55907	0.000067440061	38	33	5
7126	0.000051955705	57	34	23
13194	0.000012824263	53	1	52
222698	0.000016239861	4	4	0
2153	0.000029858652	16	14	2
8475	0.000025104460	2	2	0
54709	0.000011549804	50	0	50
6941	0.000014659740	13	4	9
26271	0.000046704062	37	22	15
25921	0.000029545842	20	20	0
7345	0.000151664669	63	40	23
84872	0.000067613835	44	29	15
978	0.000070226543	45	14	31
2785	0.000014578269	20	1	19
2790	0.000041879209	29	14	15
4312	0.000046113066	25	15	10
29126	0.000022554718	46	1	45
91949	0.000065015925	27	24	3
7448	0.000195997496	97	82	15
9128	0.000221771395	225	139	86
91452	0.000024756410	20	18	2
54343	0.000028377231	4	4	0
8417	0.000111973566	94	51	43
51026	0.000025736915	179	11	168
2110	0.000014251469	65	6	59
55536	0.000067545282	60	36	24
3420	0.000040352134	33	26	7
6156	0.000236072899	238	152	86
10179	0.000057202861	64	29	35
26505	0.000049697358	78	33	45
83896	0.000107404656	89	57	32
56605	0.000015777732	17	7	10
57552	0.000021536094	5	5	0
3176	0.000029189195	14	11	3
64773	0.000022109181	10	3	7
23030	0.000018170680	18	5	13
10475	0.000043573603	36	20	16
5036	0.000107390012	123	63	60
80331	0.000018392900	9	4	5
7832	0.000046774888	25	14	11
9807	0.000041538858	17	9	8
80153	0.000073484334	34	29	5
26931	0.000011549804	5	0	5
200523	0.000082427124	44	30	14
57591	0.000035797404	25	15	10
664	0.000233525978	52	21	31
55527	0.000022467617	19	14	5
50754	0.000013723921	4	2	2
64764	0.000035815029	14	10	4
27241	0.000031459334	12	7	5
9729	0.000047431816	29	18	11
2767	0.000073189522	50	32	18
5739	0.000074075796	14	4	10
153657	0.000095505101	22	18	4
4109	0.000012125005	38	1	37
6445	0.000017733686	8	4	4
8910	0.000022759272	7	7	0
56505	0.000012287503	88	2	86
51728	0.000055278662	15	14	1
4036	0.000130100522	56	24	32
280717	0.000015070131	1	1	0
65983	0.000046755385	27	9	18
110809	0.000016219921	70	2	68
2189	0.000066742667	60	25	35
154075	0.000018855538	7	4	3
192111	0.000083902190	62	53	9
4802	0.000049945220	87	25	62
90326	0.000011828579	4	1	3
222484	0.000073655259	45	15	30
85007	0.000020247539	5	5	0
167227	0.000041174226	72	17	55
28990	0.000027270994	15	15	0
51295	0.000082614448	110	34	76
85369	0.000043087105	46	27	19
4513	0.000113932374	69	37	32
27124	0.000031791460	39	18	21
16765	0.000011549804	8	0	8
2162	0.000022945488	14	8	6
5584	0.000211870374	179	111	68
13859	0.000012762046	7	1	6
11337	0.000076652145	102	31	71
23208	0.000019018425	14	7	7
11017	0.000035563244	139	28	111
227197	0.000012963316	1	1	0
5732	0.000013334051	3	1	2
5737	0.000022843381	14	3	11
54386	0.000053958719	160	23	137
6672	0.000069196129	58	34	24
5431	0.000150575848	133	95	38
79677	0.000045179642	47	12	35
28999	0.000025281393	20	13	7
667	0.000093456786	82	73	9
65062	0.000282246661	149	75	74
339665	0.000044741185	3	3	0
80864	0.000011549804	9	0	9
4189	0.000030026660	27	17	10
1130	0.000042554878	42	16	26
57060	0.000035066815	9	5	4
9796	0.000115055839	36	13	23
51651	0.000042286146	24	14	10
4782	0.000082814176	40	29	11
24139	0.000042550390	19	13	6
22796	0.000049769792	26	19	7
84342	0.000108596021	23	22	1
80975	0.000011549804	7	0	7
127495	0.000011549804	10	0	10
4645	0.000050064799	46	32	14
29941	0.000054463390	45	42	3
873	0.000063674571	52	35	17
51001	0.000042709063	29	21	8
277	0.000011549804	4	0	4
4589	0.000074104300	23	17	6
7490	0.000086144203	54	21	33
64975	0.000118237994	101	75	26
729540	0.000020105691	5	5	0
3090	0.000044227082	29	9	20
856154	0.000012972012	1	1	0
22929	0.000071489003	56	28	28
388646	0.000028733583	12	5	7
84061	0.000225561121	39	32	7
6275	0.000114025897	73	37	36
18518	0.000014041703	2	2	0
23583	0.000025416360	38	14	24
11075	0.000039542821	41	14	27
55917	0.000027822477	40	19	21
51637	0.000077336058	82	57	25
10643	0.000125089679	293	78	215
5734	0.000051957315	15	15	0
10618	0.000016776613	65	2	63
3163	0.000016242888	58	10	48
374882	0.000017243503	7	7	0
31	0.000119760359	82	70	12
8536	0.000091076145	42	31	11
55860	0.000043035724	31	26	5
57594	0.000166064363	108	80	28
114803	0.000012313683	14	1	13
23467	0.000011549804	2	0	2
4885	0.000021740440	5	2	3
3848	0.000134343033	111	70	41
6523	0.000014170713	3	2	1
712	0.000041754244	30	17	13
715	0.000029576993	11	7	4
2530	0.000027578565	24	15	9
65986	0.000057131218	37	32	5
20466	0.000034470815	32	15	17
912	0.000029138274	11	5	6
9047	0.000039557895	39	16	23
10535	0.000038185935	41	13	28
26063	0.000019787126	14	10	4
151903	0.000043232061	26	25	1
29068	0.000023886330	25	8	17
2539	0.000049592882	75	22	53
9266	0.000095359603	39	27	12
79706	0.000074099844	25	22	3
8683	0.000261031638	195	161	34
120	0.000035857934	35	26	9
3362	0.000023645697	29	3	26
23154	0.000050770960	30	20	10
10379	0.000034342483	28	13	15
26145	0.000034742446	19	16	3
7227	0.000037736014	25	22	3
8192	0.000043663682	16	12	4
5241	0.000123525131	79	39	40
4701	0.000071817247	119	42	77
103573	0.000016498958	10	1	9
9066	0.000024016560	9	7	2
51065	0.000155580481	135	89	46
23549	0.000031097897	31	13	18
55690	0.000038807469	19	15	4
84680	0.000017830734	4	2	2
545389	0.000011549804	29	0	29
23466	0.000041635848	61	15	46
51352	0.000020728913	20	9	11
4900	0.000015382328	17	5	12
121391	0.000020551953	16	12	4
8900	0.000151954943	82	53	29
6744	0.000052640112	50	40	10
29665	0.000011549804	10	0	10
79720	0.000080463649	44	31	13
23122	0.000070605051	44	37	7
4893	0.000040866519	34	16	18
339229	0.000014877686	44	2	42
585	0.000033634298	38	15	23
246333	0.000011601525	1	1	0
23397	0.000076535455	46	29	17
5289	0.000067010333	38	18	20
22859	0.000024022718	19	13	6
22943	0.000033787268	17	5	12
653269	0.000030257350	11	11	0
7253	0.000084486924	41	20	21
1200	0.000020872253	18	10	8
27287	0.000073911379	90	30	60
408029	0.000012937479	4	2	2
84950	0.000042754146	33	21	12
1544	0.000018222661	30	4	26
154865	0.000134307528	48	39	9
28996	0.000094607190	77	33	44
26118	0.000028228164	18	10	8
55266	0.000012491439	7	3	4
57146	0.000047079921	20	13	7
64901	0.000013435554	7	3	4
8045	0.000032783094	33	11	22
5304	0.000029014617	17	15	2
27246	0.000037652213	41	18	23
79621	0.000020959688	40	6	34
5654	0.000027643792	20	11	9
1039	0.000026536193	82	12	70
5275	0.000030536057	13	10	3
727956	0.000201306825	4	4	0
7179	0.000012306147	3	2	1
57161	0.000077136433	36	24	12
89870	0.000043624243	42	14	28
344387	0.000012024780	11	1	10
80139	0.000027143442	13	13	0
200424	0.000014040047	6	3	3
23564	0.000065237463	38	28	10
8805	0.000078965500	80	35	45
732272	0.000153902692	68	54	14
8553	0.000063248024	88	32	56
92675	0.000019014052	11	6	5
28984	0.000013623090	8	2	6
51199	0.000034986322	116	25	91
51451	0.000020973493	11	4	7
3805	0.000014467207	9	1	8
51106	0.000019240479	10	8	2
4833	0.000045356227	38	22	16
160	0.000120744812	121	92	29
25759	0.000022128412	11	6	5
4916	0.000039993076	25	17	8
10412	0.000053382936	47	26	21
5005	0.000014389288	4	2	2
8729	0.000056514653	42	30	12
5902	0.000037813021	48	28	20
4547	0.000025841730	6	3	3
165918	0.000060232852	46	15	31
23163	0.000083891855	54	27	27
9021	0.000098112053	79	33	46
166379	0.000060216937	13	8	5
10592	0.000104789406	84	56	28
5802	0.000081136609	42	24	18
16571	0.000011549804	28	0	28
1161	0.000034266809	38	17	21
399693	0.000640974130	72	71	1
1829	0.000062806598	49	46	3
69159	0.000020662743	4	4	0
51686	0.000036433359	16	11	5
116115	0.000107769059	70	39	31
115106	0.000188007383	133	91	42
23522	0.000118491141	66	32	34
220074	0.000014635704	2	2	0
55681	0.000069124862	130	58	72
51143	0.000061803723	47	26	21
1215	0.000015624265	10	1	9
3553	0.000036127487	23	11	12
9228	0.000058133034	29	20	9
7265	0.000152937469	93	61	32
56906	0.000023855087	16	7	9
91445	0.000070580022	66	26	40
57332	0.000137005578	216	86	130
57448	0.000100855435	50	38	12
79159	0.000049901497	93	13	80
124626	0.000011549804	10	0	10
10956	0.000084241369	68	35	33
29855	0.000022940784	12	6	6
2931	0.000061598536	93	29	64
23195	0.000034790602	45	35	10
54675	0.000020172633	4	3	1
1871	0.000054468950	42	15	27
4605	0.000079727110	54	33	21
57720	0.000011617002	2	2	0
6339	0.000025311597	5	4	1
7023	0.000034011600	109	21	88
87178	0.000089544884	28	23	5
171568	0.000038412942	22	10	12
11128	0.000078797459	60	36	24
23649	0.000093228328	68	38	30
728071	0.000064607377	9	8	1
1456	0.000020943767	14	10	4
2287	0.000029230683	48	16	32
9310	0.000021622264	5	5	0
55223	0.000070849734	24	18	6
6240	0.000046291370	41	27	14
80270	0.000053166633	47	24	23
128977	0.000080894917	32	24	8
4692	0.000035053808	62	11	51
23741	0.000058143206	27	16	11
57037	0.000057715707	27	19	8
5019	0.000083513487	82	31	51
2222	0.000087565294	28	26	2
9704	0.000017443922	8	5	3
26576	0.000015056505	60	5	55
24851	0.000011601525	1	1	0
23097	0.000030377740	63	14	49
90864	0.000049508648	12	12	0
340069	0.000011549804	13	0	13
1452	0.000068136874	141	46	95
55749	0.000041532576	62	37	25
29945	0.000062933194	61	42	19
10749	0.000029556867	33	12	21
6092	0.000047344600	27	21	6
54949	0.000025517840	30	6	24
9247	0.000031175731	33	13	20
11281	0.000136190893	141	70	71
8520	0.000164238058	62	48	14
5522	0.000018610940	39	3	36
4299	0.000036202353	38	20	18
140858	0.000011549804	28	0	28
26586	0.000030553672	36	32	4
3737	0.000066772155	23	15	8
2672	0.000013921550	17	2	15
9777	0.000086277622	46	11	35
800	0.000063291596	51	46	5
5133	0.000037137207	33	18	15
55212	0.000068038459	30	16	14
4724	0.000178621679	97	63	34
79609	0.000013744572	14	2	12
51068	0.000119696028	58	39	19
10617	0.000113534565	67	27	40
57132	0.000087470886	39	29	10
9963	0.000022762467	28	9	19
3093	0.000093621090	107	32	75
22888	0.000049428838	22	20	2
1814	0.000030337324	22	7	15
54102	0.000017794785	4	4	0
3732	0.000051741116	40	16	24
3112	0.000024290882	4	4	0
4713	0.000074866157	75	48	27
9824	0.000025050791	27	27	0
3856	0.000083687564	96	45	51
80218	0.000076122716	30	25	5
84340	0.000025840324	11	9	2
114757	0.000012952093	4	2	2
10425	0.000071473666	73	33	40
23479	0.000050785328	23	10	13
118980	0.000023540051	15	10	5
23093	0.000028019668	23	23	0
4801	0.000064415348	52	26	26
54499	0.000092007378	46	38	8
114883	0.000026420122	22	10	12
8907	0.000161576824	111	54	57
283237	0.000083033142	52	39	13
84701	0.000084585814	17	15	2
89958	0.000051234603	19	17	2
81624	0.000035132556	28	24	4
8473	0.000240767781	118	92	26
57521	0.000159933507	86	54	32
353143	0.000069599653	38	22	16
3872	0.000059196952	38	30	8
26054	0.000021070104	13	10	3
1801	0.000037076283	23	19	4
26108	0.000014067543	9	2	7
856607	0.000030364279	6	5	1
213	0.000064504103	198	42	156
26165	0.000012104820	4	2	2
154313	0.000198292813	60	51	9
388818	0.000901292452	94	88	6
202151	0.000016761542	7	5	2
113174	0.000051289292	36	31	5
7709	0.000071291957	38	29	9
4751	0.000087823657	50	31	19
16440	0.000011549804	1	0	1
51067	0.000040409860	24	21	3
22884	0.000015221132	18	6	12
3804	0.000012879381	8	2	6
6317	0.000038594680	30	20	10
23567	0.000037794894	42	20	22
643314	0.000016623918	6	6	0
84313	0.000061927509	36	16	20
51028	0.000089487396	37	27	10
5792	0.000076836637	51	30	21
7264	0.000062712608	34	22	12
122953	0.000026642642	30	10	20
2553	0.000034365786	37	12	25
134359	0.000032396665	70	8	62
64770	0.000034696789	80	33	47
23426	0.000109949254	59	36	23
26060	0.000076821392	73	26	47
1511	0.000031142515	40	6	34
117283	0.000050452202	26	14	12
11143	0.000083478051	75	41	34
6721	0.000244178709	111	64	47
56891	0.000043576716	35	22	13
6173	0.000116612663	135	85	50
8546	0.000216385965	63	50	13
64092	0.000037222006	13	11	2
3316	0.000045095807	121	17	104
12462	0.000011549804	39	0	39
64223	0.000049255885	47	25	22
201501	0.000015808985	4	2	2
55802	0.000072931250	52	27	25
124637	0.000012200277	32	2	30
1327	0.000100424309	67	29	38
71890	0.000017191938	28	1	27
85364	0.000021482069	16	16	0
1368	0.000021213743	32	30	2
8668	0.000299556639	164	139	25
4926	0.000173451825	111	89	22
23215	0.000030544436	33	30	3
10975	0.000040575105	73	2	71
3211	0.000030771978	11	8	3
93380	0.000032331263	117	22	95
54542	0.000016563346	17	5	12
55661	0.000080153846	59	45	14
8411	0.000091054770	48	37	11
3293	0.000018645243	32	10	22
163126	0.000035837561	16	11	5
5054	0.000047485744	37	15	22
57510	0.000081493440	77	48	29
51225	0.000107708068	81	49	32
51684	0.000061787863	61	33	28
55061	0.000018231922	41	2	39
79937	0.000019121569	15	14	1
4714	0.000131530187	92	69	23
26502	0.000035419289	19	18	1
5525	0.000068732516	47	32	15
8216	0.000096590074	56	24	32
10743	0.000039296199	24	21	3
51116	0.000096720510	178	75	103
847	0.000202226191	64	45	19
6786	0.000062082944	25	19	6
5141	0.000076189486	30	24	6
27154	0.000032820557	18	10	8
6620	0.000128097314	22	19	3
1748	0.000018501657	115	12	103
2059	0.000103768926	76	25	51
9712	0.000033978709	19	17	2
4644	0.000076534887	63	52	11
75991	0.000011549804	6	0	6
57823	0.000014362687	16	3	13
26232	0.000039550431	28	12	16
4898	0.000093635342	58	39	19
1839	0.000033610376	14	5	9
8565	0.000079709871	57	46	11
3554	0.000018009078	29	4	25
2740	0.000012108039	57	1	56
55530	0.000013806779	4	4	0
51564	0.000069282953	87	32	55
100288797	0.000199362673	33	33	0
6901	0.000015390652	92	7	85
5066	0.000038407259	27	14	13
92906	0.000074782141	26	25	1
397	0.000053440453	20	11	9
100009225	0.000011549804	3	0	3
7332	0.000347007563	141	100	41
143686	0.000011869079	4	2	2
2770	0.000114612748	105	49	56
55193	0.000058562206	47	29	18
2629	0.000034421542	52	12	40
177	0.000021774948	14	3	11
10129	0.000017506770	5	4	1
7391	0.000101365561	86	36	50
27349	0.000034834719	36	22	14
113179	0.000038791962	6	5	1
55227	0.000031801791	19	13	6
81539	0.000049018105	22	13	9
85025	0.000045427299	20	17	3
51184	0.000026601996	43	13	30
9441	0.000118473048	108	41	67
1939	0.000035167715	23	13	10
89941	0.000028038712	28	17	11
93611	0.000035953819	20	14	6
91603	0.000083014348	22	21	1
80028	0.000060293214	44	34	10
146057	0.000038921492	9	9	0
90627	0.000046623682	21	11	10
3601	0.000029257700	13	9	4
2703458	0.000013948393	14	1	13
5393	0.000045260546	49	31	18
8456	0.000016462978	36	5	31
5320	0.000079341883	25	21	4
419	0.000019514139	24	2	22
3148	0.000057379862	61	42	19
64925	0.000017931581	3	3	0
100533105	0.000011549804	4	0	4
10522	0.000035158227	24	20	4
29102	0.000037787906	64	34	30
8379	0.000108681608	87	43	44
23971	0.000011549804	26	0	26
51466	0.000108419610	37	30	7
1193	0.000022364331	6	6	0
11159	0.000022744052	17	3	14
23137	0.000039807620	20	16	4
8359	0.000347359741	181	138	43
9705	0.000015160373	1	1	0
60489	0.000026380237	11	3	8
11257	0.000011549804	3	0	3
3851	0.000041890857	38	16	22
3383	0.000059819426	157	18	139
3612	0.000046618902	42	18	24
10616	0.000104693815	91	57	34
85437	0.000086249202	39	39	0
9743	0.000067942640	50	33	17
306	0.000015245397	15	5	10
4744	0.000049082968	21	16	5
5308	0.000043999304	53	20	33
11176	0.000025676872	24	12	12
851789	0.000011549804	1	0	1
59338	0.000028766743	11	9	2
2959	0.000161688855	146	56	90
9611	0.000228482614	177	105	72
125	0.000016758087	29	3	26
1540	0.000095676628	56	33	23
142678	0.000042097213	18	10	8
4356	0.000111185033	51	22	29
10477	0.000116622894	115	42	73
4281	0.000064225733	61	29	32
84837	0.000025600616	3	3	0
137964	0.000015855434	14	12	2
81622	0.000030234707	38	8	30
5366	0.000028413135	14	8	6
66642	0.000011549804	12	0	12
9946	0.000022073075	7	7	0
57111	0.000047258929	21	10	11
22841	0.000104975590	45	37	8
51135	0.000039073039	31	11	20
84277	0.000096233964	12	6	6
56424	0.000022249395	15	6	9
2895	0.000028547995	12	7	5
26012	0.000032615391	21	13	8
11336	0.000067869583	37	21	16
18596	0.000014960595	2	2	0
5469	0.000115096674	122	69	53
9443	0.000098919054	64	34	30
1263	0.000021319585	25	3	22
116228	0.000014786269	8	2	6
3798	0.000120374522	36	28	8
10256	0.000035079565	25	8	17
114822	0.000031464750	16	12	4
54475	0.000028128192	20	15	5
23506	0.000025017026	26	14	12
11151	0.000025545669	44	10	34
7057	0.000166879716	54	32	22
51720	0.000059050022	75	23	52
22954	0.000080194566	83	40	43
55314	0.000011549804	3	0	3
79109	0.000065049389	25	18	7
2631	0.000040064577	50	24	26
2241	0.000024691542	29	8	21
55191	0.000047905555	23	20	3
19821	0.000016386697	3	2	1
7994	0.000056791686	50	27	23
81812	0.000011549804	1	0	1
3455	0.000031217459	19	6	13
8629	0.000014925695	25	4	21
3482	0.000030181070	42	28	14
26266	0.000050940018	26	10	16
79956	0.000052188100	25	24	1
27089	0.000150882048	134	65	69
84439	0.000015509219	2	2	0
9014	0.000087816739	45	32	13
55702	0.000047610953	48	19	29
4318	0.000049980850	37	19	18
56547	0.000027876639	3	3	0
22895	0.000031796450	17	5	12
54617	0.000028112935	35	11	24
221504	0.000167922429	53	47	6
191	0.000086628648	83	51	32
5331	0.000109230136	88	43	45
9778	0.000034627748	12	11	1
9380	0.000219623359	54	45	9
3082	0.000035170090	17	5	12
11243	0.000048951820	45	18	27
3708	0.000054995138	67	26	41
9478	0.000036519939	11	8	3
5165	0.000032531987	23	8	15
23527	0.000016403992	8	7	1
92421	0.000101168115	22	12	10
2752	0.000022623588	33	8	25
67773	0.000011549804	27	0	27
55683	0.000020241692	9	6	3
7048	0.000198821335	110	46	64
7042	0.000088372790	24	19	5
856839	0.000012972012	1	1	0
1589	0.000013356949	16	1	15
7182	0.000120252882	53	32	21
9055	0.000068776620	35	26	9
10280	0.000025965441	10	8	2
54739	0.000037213280	15	11	4
64170	0.000160182963	129	78	51
8994	0.000083637996	40	35	5
6938	0.000101459142	102	54	48
23130	0.000023132880	21	10	11
850764	0.000012972012	1	1	0
90507	0.000031474310	14	7	7
6712	0.000076774755	43	40	3
10153	0.000076608519	48	39	9
855584	0.000012972012	1	1	0
178	0.000123603853	56	43	13
1082	0.000013462093	6	1	5
10940	0.000056639645	76	52	24
288516	0.000011601525	1	1	0
7579	0.000017300123	50	4	46
5784	0.000029151319	41	14	27
2731	0.000027334369	22	15	7
13345	0.000013535398	1	1	0
23167	0.000019594874	13	12	1
1981	0.000135809682	122	71	51
9605	0.000024446448	28	12	16
2566	0.000016941231	17	3	14
51304	0.000015943208	7	6	1
3709	0.000028497730	21	17	4
117245	0.000026989965	7	4	3
155060	0.000074467742	13	13	0
8558	0.000016719994	10	6	4
5357	0.000077011928	30	30	0
27236	0.000116571729	58	34	24
475	0.000048683241	16	10	6
54700	0.000040929924	32	12	20
4987	0.000012187084	4	1	3
5368	0.000015010441	1	1	0
221785	0.000037009187	10	10	0
23743	0.000021869186	10	4	6
22836	0.000036196217	28	17	11
373156	0.000294029913	109	42	67
57680	0.000069519384	51	37	14
196	0.000062774732	47	16	31
4094	0.000042535066	22	12	10
10988	0.000041785949	34	15	19
4160	0.000048080853	20	12	8
51257	0.000021203989	16	4	12
286410	0.000016516600	14	13	1
9140	0.000216641919	70	46	24
131034	0.000050077673	38	8	30
27297	0.000144496379	27	21	6
2820	0.000122763433	18	14	4
553115	0.000422682003	58	49	9
27033	0.000072949957	51	27	24
81844	0.000028328069	21	19	2
80344	0.000035196323	27	22	5
10260	0.000023947018	12	8	4
3560	0.000027364984	36	12	24
5455	0.000019040819	7	3	4
6663	0.000072612849	37	27	10
7320	0.000124205751	87	44	43
170384	0.000017780179	14	14	0
154386	0.000113929151	79	57	22
12055	0.000011549804	19	0	19
26965	0.000015240392	35	1	34
257202	0.000061103673	35	10	25
7025	0.000109146502	49	37	12
80777	0.000038300848	39	22	17
28960	0.000074623295	40	21	19
55120	0.000081749048	60	30	30
66661	0.000011549804	208	0	208
79888	0.000018357331	18	13	5
6878	0.000154983605	83	55	28
55604	0.000021599130	12	9	3
164153	0.000013554036	3	2	1
6309	0.000016617030	6	6	0
85379	0.000052000186	36	36	0
8839	0.000015543898	9	2	7
80267	0.000013362515	5	5	0
79989	0.000014482253	7	5	2
163033	0.000049302918	22	22	0
84460	0.000052998622	21	20	1
2972	0.000066465870	28	20	8
9329	0.000321596742	168	146	22
7468	0.000047028330	52	18	34
83743	0.000083722839	49	42	7
6880	0.000249816376	132	83	49
284451	0.000014095032	9	3	6
43808	0.000011549804	2	0	2
9337	0.000115753888	41	34	7
1653	0.000068775164	156	70	86
5971	0.000136824244	107	61	46
333932	0.000111537103	29	27	2
104	0.000017047308	36	7	29
23212	0.000161515203	76	64	12
91408	0.000034241511	26	7	19
9943	0.000099732997	38	24	14
1557	0.000018151370	29	5	24
221016	0.000011549804	2	0	2
192166	0.000013070123	1	1	0
26960	0.000022614264	12	9	3
9184	0.000074117291	77	50	27
84944	0.000014037391	15	1	14
30850	0.000040311600	57	24	33
386674	0.000300349778	75	70	5
80700	0.000042465353	55	15	40
64098	0.000069028624	32	19	13
52	0.000067317952	46	32	14
11848	0.000014615762	25	2	23
9586	0.000050913058	134	37	97
11130	0.000035200200	93	19	74
127253	0.000030462411	5	5	0
80304	0.000064504999	40	39	1
55161	0.000077057365	81	56	25
23039	0.000142891168	76	64	12
11317	0.000013183487	3	2	1
283556	0.000020038284	3	3	0
1181	0.000012697895	19	2	17
114034	0.000091115601	66	41	25
6910	0.000015641803	10	3	7
440145	0.000022847808	40	13	27
23144	0.000106935461	117	21	96
10682	0.000034033053	29	21	8
255193	0.000037723609	13	7	6
6819	0.000030935613	9	7	2
7678	0.000018393833	49	11	38
4139	0.000048376787	32	16	16
120114	0.000022459943	7	6	1
23160	0.000032712239	18	17	1
64175	0.000070263501	73	39	34
7137	0.000101018207	35	30	5
23294	0.000093143078	95	46	49
5338	0.000093256380	54	36	18
9887	0.000058074968	27	26	1
81846	0.000021893295	13	13	0
6652	0.000096588492	64	35	29
10212	0.000092447226	82	55	27
5087	0.000083600763	54	35	19
339390	0.000029806076	23	3	20
64928	0.000093436333	103	66	37
347	0.000032879966	29	15	14
90993	0.000699727597	154	118	36
23471	0.000026300346	23	16	7
1175	0.000034973647	26	20	6
139322	0.000014228672	3	3	0
57172	0.000024316475	8	4	4
25876	0.000014014925	5	1	4
79666	0.000476370690	127	101	26
7101	0.000026849435	30	9	21
283450	0.000012928791	6	5	1
9921	0.000073805084	45	38	7
60492	0.000079015132	30	29	1
5407	0.000027738713	17	7	10
9388	0.000058997315	9	9	0
7844	0.000050996137	19	13	6
5999	0.000023986987	20	5	15
889	0.000028196680	17	7	10
81892	0.000103954845	53	48	5
6261	0.000072519855	33	20	13
27248	0.000054388749	35	14	21
3990	0.000035348471	16	8	8
64853	0.000038308190	15	10	5
4514	0.000025818325	25	13	12
55165	0.000179289487	117	90	27
145483	0.000188012472	60	49	11
388403	0.000013817561	3	3	0
8612	0.000018091546	6	2	4
79872	0.000037678523	15	10	5
55199	0.000032709199	19	12	7
3077449	0.000013771917	27	1	26
64400	0.000064785713	43	10	33
729830	0.000013231213	1	1	0
2318	0.000172754639	98	67	31
12914	0.000021086615	19	5	14
114799	0.000071255071	22	21	1
16562	0.000012716842	20	1	19
377	0.000028759609	25	16	9
196463	0.000023091568	14	12	2
58490	0.000111029075	78	38	40
4659	0.000093231685	102	76	26
64860	0.000016014601	2	2	0
5977	0.000081775910	72	42	30
63908	0.000050648000	29	21	8
283638	0.000032295433	19	17	2
55336	0.000022518449	7	6	1
174	0.000015442700	16	2	14
323	0.000026475253	29	9	20
8988	0.000051123056	21	6	15
5090	0.000032183126	48	13	35
26291	0.000021113602	11	7	4
9500	0.000165801173	175	82	93
55717	0.000054548161	55	34	21
64204	0.000011601525	1	1	0
6164	0.000072111932	110	49	61
7326	0.000048109231	25	18	7
1465	0.000037626461	20	14	6
2011	0.000124338255	101	44	57
51096	0.000028771574	24	20	4
2056	0.000013734802	9	1	8
81579	0.000019773600	11	4	7
5529	0.000053111899	52	41	11
23406	0.000042864361	28	9	19
6103	0.000020317796	34	9	25
134492	0.000022224290	49	16	33
165055	0.000052497939	49	46	3
26273	0.000029706832	17	15	2
80022	0.000166731150	67	53	14
10928	0.000083462579	75	32	43
1662	0.000028646294	18	15	3
8844	0.000051495176	20	15	5
80228	0.000020475337	7	1	6
2334	0.000011902757	5	1	4
23014	0.000028463603	22	20	2
8543	0.000108060835	135	53	82
79441	0.000051454772	43	39	4
2267	0.000013721287	68	2	66
60560	0.000015798690	5	4	1
8814	0.000015226075	11	3	8
114990	0.000115486494	78	51	27
85406	0.000036204981	13	10	3
83930	0.000012403286	2	2	0
54502	0.000026595402	14	7	7
5325	0.000023718690	11	6	5
5880	0.000054059329	28	19	9
5256	0.000030881583	25	20	5
57097	0.000025970324	15	6	9
64333	0.000046657682	27	17	10
23143	0.000036659018	12	11	1
6251	0.000063023225	31	22	9
10282	0.000045630243	37	20	17
2354	0.000020126182	35	10	25
2592	0.000047818392	13	9	4
850605	0.000012972012	1	1	0
2114	0.000044884094	50	12	38
23094	0.000029377594	36	35	1
26137	0.000021799234	15	15	0
2779	0.000013325957	5	2	3
6004	0.000035993114	22	10	12
50943	0.000038300544	77	16	61
114884	0.000020600657	20	6	14
25791	0.000027249387	15	10	5
989	0.000121692107	79	52	27
23176	0.000063676520	32	21	11
114294	0.000020854012	87	14	73
11108	0.000016327670	10	3	7
317	0.000065014660	26	12	14
55157	0.000029753435	19	13	6
5688	0.000166972353	132	85	47
9144	0.000045062253	9	8	1
29886	0.000020773809	20	11	9
6446	0.000189330944	112	63	49
1854	0.000172679368	100	57	43
2324	0.000027669820	25	12	13
7424	0.000018479396	5	3	2
10207	0.000091124361	76	35	41
143098	0.000047296788	21	16	5
2678	0.000031168588	9	5	4
286016	0.000037529106	4	4	0
3437	0.000164608050	68	26	42
10826	0.000014255890	5	2	3
79022	0.000092298215	40	25	15
140258	0.000079072385	40	31	9
5373	0.000034732905	17	12	5
4780	0.000121468852	82	47	35
6866	0.000019424028	12	3	9
22808	0.000022906615	13	3	10
79803	0.000070523048	20	17	3
851944	0.000012972012	1	1	0
790	0.000151464226	129	82	47
88	0.000273314406	103	64	39
75767	0.000011549804	12	0	12
25871	0.000037411197	13	13	0
57544	0.000015216264	15	5	10
55824	0.000048355901	21	18	3
104416	0.000013361705	18	1	17
54922	0.000056510871	22	19	3
11009	0.000061028659	27	24	3
7335	0.000094562791	93	36	57
9499	0.000044561790	16	12	4
10112	0.000041071580	39	20	19
79009	0.000042839140	37	34	3
55083	0.000101791202	35	21	14
3561	0.000025554222	38	9	29
3581	0.000022916364	23	4	19
51647	0.000025614623	67	12	55
2686	0.000013895814	14	3	11
4884	0.000030428352	21	16	5
987	0.000030762592	22	17	5
139596	0.000029470608	10	5	5
7371	0.000022232803	11	9	2
235542	0.000011549804	12	0	12
256586	0.000025853529	12	12	0
9801	0.000471076361	107	95	12
225745	0.000011549804	42	0	42
965	0.000030068677	10	8	2
4907	0.000055433857	77	18	59
7084	0.000039243965	14	12	2
9623	0.000024936786	38	7	31
51586	0.000108472850	79	54	25
1634	0.000102327692	37	19	18
839	0.000099222096	49	32	17
1759	0.000106974369	99	47	52
84934	0.000029259681	10	8	2
51042	0.000105417653	23	20	3
79019	0.000054045051	46	26	20
10981	0.000024016074	21	4	17
8870	0.000035757763	17	13	4
5526	0.000035480482	12	9	3
2803	0.000035287032	33	18	15
5870	0.000075091283	46	35	11
104831	0.000011549804	40	0	40
254048	0.000019202330	5	5	0
27255	0.000014100120	5	1	4
12340	0.000011971188	19	1	18
253725	0.000049120572	16	9	7
10768	0.000118036148	151	58	93
10691	0.000018506323	17	6	11
8399	0.000031013304	53	16	37
9847	0.000044116486	30	30	0
19373	0.000011549804	7	0	7
79886	0.000021779630	10	5	5
374403	0.000026801456	8	5	3
675	0.000195759997	88	55	33
112950	0.000143916551	66	48	18
1052	0.000032987708	30	12	18
22887	0.000015691201	18	6	12
55148	0.000045370226	42	20	22
57644	0.000023397220	33	9	24
3687	0.000024208133	6	3	3
79754	0.000027663322	22	11	11
58511	0.000012972012	31	1	30
578	0.000036391559	34	12	22
9442	0.000139905063	47	41	6
5365	0.000027863838	9	2	7
64218	0.000056642952	6	6	0
10299	0.000023398322	19	11	8
6713	0.000059777141	9	7	2
2356	0.000021503988	11	5	6
7107	0.000011549804	6	0	6
64151	0.000059962309	40	30	10
4832	0.000034919752	27	12	15
79616	0.000014420700	35	3	32
51602	0.000115917707	189	83	106
3880	0.000051574024	98	32	66
9689	0.000108419307	62	41	21
84233	0.000042232392	20	20	0
9208	0.000032909831	28	18	10
11193	0.000019403959	48	4	44
79828	0.000016811014	5	4	1
2495	0.000061810886	63	35	28
1933	0.000053323226	143	52	91
339	0.000038671127	14	6	8
6327	0.000015103337	86	1	85
8317	0.000075251589	60	25	35
7389	0.000030304846	22	7	15
333	0.000096662048	59	43	16
2590	0.000027116665	27	21	6
5898	0.000106600733	86	47	39
54874	0.000041237042	22	17	5
29763	0.000064005974	86	54	32
51703	0.000026578222	12	7	5
10319	0.000069021084	22	10	12
12	0.000071339909	31	15	16
4862	0.000031091054	32	13	19
151230	0.000028084973	12	12	0
7290	0.000077674253	40	27	13
85236	0.000022118903	15	15	0
114908	0.000021005689	5	4	1
2122	0.000060596043	34	27	7
139231	0.000020054277	7	7	0
8541	0.000074411639	24	16	8
7410	0.000077336967	80	32	48
1743	0.000104167566	48	23	25
1349	0.000012695858	18	3	15
7716	0.000038160015	55	25	30
3795	0.000053463470	29	17	12
11773	0.000014802425	3	3	0
7545	0.000028526043	62	10	52
281719	0.000011549804	1	0	1
1014	0.000021374458	4	1	3
29074	0.000052788109	108	47	61
84433	0.000066599745	28	20	8
80332	0.000037664769	14	11	3
56637	0.000011549804	25	0	25
54566	0.000029988834	16	15	1
200895	0.000020629497	12	12	0
9873	0.000043073127	51	12	39
133383	0.000014144152	4	3	1
2155	0.000020358626	19	11	8
84464	0.000554159223	172	121	51
80097	0.000042021794	25	21	4
10614	0.000097244577	62	31	31
3018	0.000093519285	59	45	14
81567	0.000091121750	72	42	30
5255	0.000017406552	14	9	5
85365	0.000074560370	18	10	8
6522	0.000034138698	25	24	1
7988	0.000016323453	30	5	25
55969	0.000046528971	50	20	30
84833	0.000053244355	30	29	1
4735	0.000111887362	95	52	43
91608	0.000026240089	12	11	1
9527	0.000071294138	41	30	11
10797	0.000030209383	34	16	18
9846	0.000100511282	55	44	11
353134	0.000078628432	55	33	22
6905	0.000039821855	19	13	6
64789	0.000012349857	1	1	0
9670	0.000059407957	42	28	14
6286	0.000075576109	26	18	8
4255	0.000021760646	75	7	68
80342	0.000067733497	48	21	27
51072	0.000071185081	39	23	16
390535	0.000391049474	31	31	0
51185	0.000029785203	25	13	12
5037	0.000057107639	65	30	35
139285	0.000016361694	15	10	5
6347	0.000034442162	29	10	19
4323	0.000061771461	38	16	22
9167	0.000091590926	23	22	1
1489079	0.000011549804	5	0	5
8677	0.000035001521	19	18	1
56997	0.000074310099	23	13	10
55003	0.000071047635	119	67	52
5757	0.000113536742	87	41	46
56886	0.000080955639	58	36	22
211	0.000028968560	67	15	52
79796	0.000013701185	14	11	3
2199	0.000062159384	32	20	12
54704	0.000041433765	16	13	3
3122	0.000030513065	47	8	39
2042	0.000035394350	23	12	11
3600	0.000013263740	7	2	5
890	0.000210222948	138	77	61
124245	0.000118026442	67	61	6
23268	0.000036747153	32	12	20
65059	0.000021847679	17	11	6
215051	0.000011549804	10	0	10
84866	0.000019428305	77	4	73
3913	0.000027049713	23	16	7
158798	0.000021790066	15	3	12
3858	0.000120978955	68	56	12
9915	0.000046592084	70	15	55
28511	0.000013850090	7	4	3
29058	0.000022481173	11	5	6
2009	0.000020499124	11	5	6
56006	0.000050567672	41	27	14
353497	0.000015526327	10	2	8
183	0.000044591245	25	10	15
153684	0.000015210054	4	3	1
51390	0.000018109190	7	4	3
84441	0.000031454263	10	8	2
65065	0.000021953095	12	12	0
56943	0.000019762557	19	11	8
142679	0.000012067112	13	2	11
728774	0.000012478057	2	2	0
5782	0.000156431925	78	46	32
64921	0.000011589791	1	1	0
4791	0.000191220436	192	86	106
17886	0.000012960241	192	2	190
132884	0.000012745716	85	2	83
27131	0.000089511680	39	33	6
5179	0.000011549804	8	0	8
29974	0.000038827555	25	16	9
113730	0.000049738786	23	20	3
91283	0.000011811910	3	2	1
2893	0.000022405778	22	5	17
10645	0.000027995250	32	6	26
123169	0.000062544851	53	25	28
236930	0.000011549804	33	0	33
5360	0.000016540492	29	6	23
7368	0.000019366557	10	10	0
440552	0.000029358877	13	6	7
84289	0.000121126991	63	42	21
6406	0.000050572643	22	17	5
8877	0.000049382012	18	12	6
984	0.000088214007	42	28	14
23194	0.000015367683	7	2	5
441518	0.000034669235	10	9	1
54867	0.000031091392	28	28	0
307	0.000023144199	17	10	7
18759	0.000015108560	29	1	28
692204	0.000011972613	1	1	0
3454	0.000023737315	30	8	22
6646	0.000036801177	44	42	2
11079	0.000059338557	34	26	8
5376	0.000031876659	24	11	13
1054	0.000024909175	30	10	20
4306	0.000031795491	31	8	23
5224	0.000033726713	24	14	10
27257	0.000035910570	44	13	31
10196	0.000066429956	45	29	16
6955	0.000043724623	37	13	24
84766	0.000052603217	34	24	10
3742	0.000012605518	11	1	10
23272	0.000059740313	24	21	3
10350	0.000011549804	1	0	1
9191	0.000122469724	34	25	9
843	0.000049884515	47	18	29
81576	0.000029133811	25	10	15
137209	0.000139628165	48	37	11
1809	0.000046057162	33	23	10
58484	0.000031389152	15	6	9
488	0.000076120568	82	67	15
54780	0.000050582050	23	18	5
467	0.000059102315	61	29	32
6617	0.000048175402	13	7	6
9290	0.000011549804	4	0	4
2323	0.000015235800	4	2	2
9818	0.000033607615	51	22	29
222696	0.000072311082	19	17	2
10293	0.000038888752	38	14	24
9495	0.000076961878	40	17	23
3850	0.000028055609	54	16	38
83666	0.000019296428	8	5	3
64710	0.000022030396	19	10	9
54881	0.000088319632	129	77	52
161424	0.000036851456	47	24	23
124512	0.000013786505	28	2	26
1016	0.000027132960	5	4	1
23413	0.000027416741	31	15	16
11141	0.000013234981	2	2	0
3040	0.000035956209	40	21	19
100505793	0.000011549804	1	0	1
10891	0.000073001817	75	28	47
4007	0.000026386690	28	17	11
64763	0.000037641844	18	14	4
10897	0.000095482874	50	26	24
3675	0.000028544173	24	13	11
27	0.000064149829	50	28	22
91748	0.000039042012	37	18	19
9532	0.000217645073	123	114	9
5309	0.000011549804	4	0	4
9732	0.000021906594	12	11	1
29993	0.000058723848	67	20	47
2107	0.000086995289	51	33	18
7247	0.000084560519	47	30	17
55284	0.000045159025	80	14	66
8346	0.000055274455	29	24	5
10062	0.000083891931	43	19	24
8079	0.000046915082	41	24	17
3202	0.000023936176	25	13	12
406884	0.000012566410	2	2	0
3578	0.000013728335	2	2	0
5908	0.000055583075	81	27	54
9252	0.000196168049	92	50	42
21812	0.000019808881	18	3	15
79602	0.000013787337	8	4	4
80233	0.000057086792	36	25	11
29844	0.000075333997	51	27	24
67241	0.000011549804	8	0	8
7286	0.000029806888	20	8	12
10092	0.000058259299	46	35	11
2540977	0.000083271958	1	1	0
3663	0.000050688795	39	16	23
135892	0.000077812340	36	22	14
79050	0.000062046715	49	34	15
29893	0.000039994019	21	17	4
6580	0.000012110600	2	1	1
401296	0.000316277065	34	33	1
4622	0.000028619796	15	13	2
6729	0.000028874685	28	16	12
5414	0.000039751192	21	14	7
10181	0.000028282582	36	25	11
56924	0.000039918519	21	11	10
835	0.000084635323	44	28	16
146330	0.000020435962	9	8	1
23324	0.000015815869	5	4	1
116113	0.000018608821	14	5	9
4836	0.000150670733	79	60	19
55752	0.000060237921	42	23	19
4940	0.000019108624	17	5	12
52563	0.000011549804	45	0	45
89777	0.000036953802	19	19	0
118924	0.000042424091	30	12	18
85313	0.000032871224	19	18	1
55920	0.000057455403	53	39	14
11144	0.000030461877	25	8	17
255231	0.000011733464	1	1	0
855849	0.000012972012	1	1	0
2069	0.000011549804	5	0	5
2066	0.000121188199	62	27	35
56935	0.000039469362	16	9	7
6708	0.000078535567	41	23	18
147409	0.000036200546	18	18	0
1601	0.000070840580	106	50	56
7572	0.000215520585	81	40	41
7775	0.000022961987	14	8	6
10576	0.000287324009	217	175	42
10318	0.000103075032	122	55	67
84133	0.000043286890	12	8	4
79960	0.000059039253	32	24	8
64769	0.000096459831	45	37	8
11104	0.000116715891	46	11	35
51750	0.000040097007	35	21	14
4008	0.000044482233	52	46	6
1032	0.000012576464	35	2	33
107	0.000011549804	26	0	26
5138	0.000023916019	23	21	2
285464	0.000065359156	50	28	22
5292	0.000031149504	53	11	42
26094	0.000030900793	15	13	2
642947	0.000076727556	27	27	0
66863	0.000014143111	1	1	0
5045	0.000068899197	41	21	20
25879	0.000065902993	29	26	3
55801	0.000011549804	1	0	1
8820	0.000035692610	20	11	9
79734	0.000064933674	64	22	42
9107	0.000032604561	16	12	4
1027	0.000120164945	106	46	60
341	0.000017774838	11	4	7
9517	0.000085476736	15	15	0
123283	0.000130958273	28	23	5
56715	0.000011549804	1	0	1
7436	0.000050434391	13	9	4
5156	0.000065993622	63	21	42
65244	0.000023636485	16	15	1
26953	0.000054225976	29	20	9
50807	0.000088121060	47	28	19
3156	0.000034796782	34	24	10
147179	0.000049197810	21	16	5
10806	0.000020002786	9	7	2
19877	0.000017625663	25	2	23
84893	0.000030097718	21	15	6
4602	0.000112057671	93	37	56
151121	0.000109580736	47	30	17
3077	0.000017381022	6	1	5
51256	0.000044512248	35	24	11
9124	0.000065212856	32	21	11
29098	0.000030995532	11	9	2
59029	0.000011549804	2	0	2
22893	0.000037369961	49	18	31
254958	0.000310280211	66	63	3
55656	0.000066961935	20	15	5
93145	0.000057897361	15	10	5
1146	0.000022292051	17	1	16
8815	0.000052905977	76	26	50
22890	0.000042176237	104	15	89
6704	0.000017784071	8	8	0
5590	0.000325398007	227	135	92
91147	0.000015405984	54	6	48
27252	0.000028563244	82	15	67
12013	0.000011549804	22	0	22
127254	0.000012140859	3	2	1
22933	0.000082751786	62	33	29
25782	0.000050206032	24	19	5
3891	0.000054398853	46	26	20
1013	0.000034054210	15	6	9
83463	0.000030174369	14	8	6
56392	0.000011549804	49	0	49
9445	0.000097296446	35	11	24
218811	0.000011549804	58	0	58
164684	0.000011549804	6	0	6
4867	0.000036742785	84	9	75
5596	0.000062201676	58	27	31
55602	0.000034756537	44	20	24
4725	0.000037130161	80	31	49
1612	0.000069805438	61	23	38
5724	0.000031881866	12	6	6
401563	0.000076606410	4	4	0
56267	0.000017473803	13	10	3
9456	0.000059790041	54	25	29
7224	0.000031518838	18	9	9
55234	0.000066338482	56	47	9
5314	0.000018409506	4	3	1
6507	0.000016098429	8	7	1
22948	0.000263954880	173	148	25
27145	0.000014598981	5	2	3
2182	0.000034678249	37	22	15
432	0.000026853682	24	8	16
199675	0.000059183860	11	9	2
57559	0.000048861533	41	29	12
25862	0.000023098922	42	3	39
57326	0.000066156301	41	31	10
605	0.000058171189	23	19	4
64216	0.000030933584	19	18	1
1823	0.000058251133	28	25	3
13424	0.000020167417	14	3	11
152098	0.000021034251	3	3	0
233064	0.000012716842	1	1	0
51490	0.000022267872	11	11	0
11333	0.000018557671	20	11	9
132660	0.000040432490	60	19	41
84069	0.000049003746	37	25	12
64866	0.000033837958	11	10	1
94	0.000071023592	22	8	14
10802	0.000089340138	57	34	23
3104	0.000051293906	46	22	24
124590	0.000033726903	15	13	2
75786	0.000012892992	29	1	28
51606	0.000139720567	48	34	14
100132476	0.000032125079	14	8	6
9938	0.000011549804	28	0	28
10570	0.000029390853	17	12	5
9951	0.000014333205	8	2	6
9953	0.000019305665	9	5	4
4705	0.000045181322	89	39	50
161514	0.000081189520	25	20	5
23095	0.000136771521	48	38	10
5506	0.000012214418	50	1	49
3208	0.000024123662	15	7	8
5327	0.000064575005	35	24	11
7419	0.000259280840	166	121	45
10456	0.000064630453	131	34	97
344558	0.000018885719	8	4	4
843182	0.000012265472	1	1	0
51592	0.000093165443	82	39	43
11137	0.000087442359	135	32	103
286262	0.000039592107	38	37	1
92840	0.000174098813	47	42	5
286204	0.000013429446	2	1	1
826	0.000081030071	63	38	25
353145	0.000080123729	43	25	18
51200	0.000022989693	12	10	2
111	0.000014536915	40	3	37
8654	0.000098923448	27	26	1
817	0.000135061003	84	56	28
12417	0.000016624393	4	1	3
65260	0.000021212396	17	7	10
3142	0.000012776939	3	2	1
78988	0.000063226009	19	19	0
18222	0.000011549804	17	0	17
11160	0.000069479310	99	56	43
8736	0.000027942640	14	8	6
1201	0.000013936862	91	4	87
51144	0.000081628465	43	32	11
56005	0.000035259428	17	13	4
83988	0.000108328269	26	20	6
80129	0.000013184864	3	2	1
18000	0.000015798346	13	2	11
2746	0.000034784389	39	28	11
19046	0.000013625193	71	2	69
54474	0.000061351449	53	26	27
285971	0.000048081591	17	14	3
9674	0.000012143359	3	1	2
466	0.000051206801	38	22	16
3726	0.000067652892	64	33	31
89890	0.000032147348	31	26	5
90379	0.000029698569	21	6	15
91703	0.000072292485	21	10	11
54541	0.000033849218	16	9	7
7975	0.000036816551	20	13	7
8660	0.000116449212	61	44	17
79931	0.000035885622	24	14	10
57473	0.000070232346	89	29	60
27042	0.000021495102	20	11	9
6935	0.000063707372	40	23	17
10818	0.000028259223	34	10	24
84699	0.000089502646	39	24	15
55829	0.000037959759	25	8	17
26191	0.000015323145	23	7	16
5364	0.000065024268	27	17	10
7450	0.000035772153	20	14	6
55585	0.000022425438	12	7	5
9578	0.000176752696	21	18	3
4313	0.000076066754	42	19	23
1396	0.000071798747	41	14	27
10297	0.000018726773	19	4	15
8364	0.000097340403	55	50	5
23043	0.000041165190	127	25	102
1155	0.000044715745	45	18	27
57563	0.000041955561	21	18	3
1874	0.000064400767	59	24	35
10687	0.000057969185	52	25	27
146540	0.000060314098	21	16	5
254394	0.000019947976	6	5	1
10473	0.000016154093	5	5	0
729440	0.000030370864	30	30	0
253128	0.000053994838	24	14	10
54677	0.000019083175	9	5	4
440275	0.000032052346	17	15	2
74549	0.000011549804	10	0	10
23355	0.000026056310	10	10	0
54954	0.000014101492	8	5	3
9783	0.000019432249	6	5	1
851273	0.000013223914	1	1	0
8324	0.000034331567	14	8	6
80013	0.000024145969	24	8	16
1152	0.000085529739	83	59	24
124583	0.000012178658	20	3	17
22978	0.000065221220	59	25	34
79637	0.000059669464	48	26	22
390792	0.000205194892	35	33	2
128488	0.000029004297	6	6	0
9810	0.000107051109	74	51	23
4076	0.000052914675	58	44	14
79930	0.000059663220	38	30	8
26031	0.000054521822	43	32	11
54888	0.000078567237	72	49	23
387856	0.000031268450	12	12	0
140836	0.000057296798	16	14	2
6869	0.000020099049	5	4	1
143187	0.000025354213	15	9	6
185	0.000029376771	42	4	38
479	0.000078927193	31	28	3
9804	0.000058765733	49	29	20
1600	0.000063079826	81	20	61
6015	0.000150738335	113	78	35
84295	0.000019189809	43	13	30
9816	0.000019932442	14	14	0
266812	0.000046341168	33	8	25
65057	0.000023112086	69	10	59
29920	0.000031676337	36	22	14
219072	0.000011549804	29	0	29
4760	0.000037713808	22	7	15
11284	0.000058765676	89	33	56
8493	0.000063898324	51	31	20
76614	0.000012963316	26	1	25
54620	0.000048748251	25	18	7
8653	0.000025121105	18	17	1
7461	0.000021546473	11	7	4
9111	0.000177733626	73	38	35
3127	0.000016632351	14	3	11
28972	0.000026892899	9	9	0
112464	0.000065989348	62	41	21
51141	0.000017653487	39	4	35
7360	0.000057075770	53	25	28
2712	0.000014337219	5	3	2
10553	0.000015157519	7	2	5
64083	0.000021266171	23	10	13
1503	0.000092017367	73	45	28
9202	0.000049489253	31	29	2
55698	0.000038947085	31	18	13
221935	0.000020784849	9	6	3
140730	0.000017022164	5	4	1
4190	0.000077180986	43	30	13
64174	0.000014071115	19	1	18
234857	0.000011549804	32	0	32
6942	0.000063169429	39	23	16
4107	0.000017927721	14	3	11
340542	0.000081001568	14	13	1
348807	0.000026644143	4	1	3
117159	0.000099240547	43	35	8
8927	0.000024046607	7	4	3
23025	0.000023492255	9	5	4
57506	0.000094582450	71	38	33
51535	0.000098115941	51	44	7
26086	0.000031803786	25	12	13
4084	0.000037403149	31	8	23
8706	0.000011549804	24	0	24
84659	0.000014594880	7	6	1
116870	0.000015878755	37	3	34
81929	0.000053558607	69	33	36
2314	0.000050204329	79	54	25
1198	0.000034550464	76	20	56
29108	0.000029858247	40	7	33
79632	0.000023541129	11	9	2
12700	0.000011549804	2	0	2
5700	0.000156000525	147	80	67
10588	0.000011549804	7	0	7
79664	0.000033978551	39	18	21
124220	0.000098861331	37	36	1
405	0.000069232209	58	26	32
7054	0.000058674739	36	22	14
7299	0.000022362821	8	5	3
9815	0.000083031241	55	25	30
9088	0.000053725888	19	17	2
1723	0.000023291024	12	9	3
4502	0.000037063115	27	15	12
3280	0.000059166833	61	25	36
57180	0.000030444979	24	10	14
343069	0.000032880603	31	27	4
9530	0.000078970820	137	42	95
79183	0.000014280840	3	3	0
22839	0.000063321494	51	29	22
60412	0.000088325802	49	41	8
27351	0.000057034989	24	14	10
5864	0.000158400391	43	24	19
93646	0.000011601525	1	1	0
80230	0.000064321036	46	23	23
28973	0.000064220021	111	47	64
56829	0.000065193546	56	50	6
25844	0.000015896342	25	9	16
4508	0.000015785395	17	3	14
64927	0.000090137206	72	50	22
4719	0.000148782177	114	84	30
49855	0.000018806281	7	6	1
84466	0.000151489565	25	12	13
4897	0.000026071568	10	6	4
2054	0.000069148421	64	13	51
228421	0.000011549804	8	0	8
64397	0.000036657870	24	21	3
100090	0.000011549804	30	0	30
2993	0.000011917490	6	1	5
84662	0.000059490849	44	26	18
26150	0.000037503520	25	14	11
54039	0.000077258711	35	28	7
79065	0.000053235485	58	27	31
23584	0.000011549804	28	0	28
205860	0.000078821834	36	33	3
910	0.000016343949	49	1	48
50780	0.000013623090	2	2	0
285203	0.000042863524	11	10	1
76044	0.000011549804	12	0	12
4354	0.000046296956	58	23	35
56339	0.000015573547	12	6	6
80069	0.000013023991	5	1	4
60559	0.000014298719	11	11	0
5787	0.000092911172	42	31	11
220164	0.000103553759	18	17	1
8615	0.000120580340	71	45	26
9570	0.000061440152	37	22	15
57608	0.000012387035	2	2	0
57096	0.000037524542	59	14	45
9928	0.000061772446	54	50	4
4192	0.000026396784	24	9	15
4544	0.000029769559	18	10	8
51297	0.000073673248	55	34	21
10288	0.000013626076	10	1	9
23452	0.000012842061	1	1	0
19016	0.000017090913	9	4	5
79697	0.000021235658	12	9	3
70790	0.000011549804	26	0	26
55035	0.000023113957	17	14	3
91442	0.000034868892	16	10	6
375790	0.000025175455	13	11	2
313	0.000011549804	2	0	2
1468	0.000026444584	53	24	29
55705	0.000180038048	123	95	28
5962	0.000080555711	90	41	49
10846	0.000015869885	22	3	19
326601	0.000045344104	6	4	2
771	0.000062975263	11	10	1
100507436	0.000023412147	25	9	16
5592	0.000095440713	63	27	36
15204	0.000011549804	5	0	5
23439	0.000016198057	44	3	41
10693	0.000169994626	69	55	14
10747	0.000025261409	6	4	2
2220	0.000030221152	4	4	0
100124696	0.000011549804	26	0	26
51332	0.000024119847	5	3	2
100534599	0.000029898218	19	13	6
1828	0.000049302334	34	27	7
54931	0.000056180997	38	26	12
115353	0.000015183775	12	6	6
10221	0.000029261489	17	13	4
353174	0.000011549804	67	0	67
91289	0.000087129439	17	13	4
147199	0.000012691374	1	1	0
51172	0.000018669426	7	4	3
51102	0.000020329693	16	8	8
80823	0.000085277787	59	38	21
25923	0.000062798687	66	18	48
490	0.000057366516	46	35	11
29035	0.000012570592	6	4	2
10069	0.000016755291	26	7	19
284427	0.000011549804	79	0	79
10447	0.000030493829	37	14	23
4853	0.000079015982	59	29	30
3598	0.000032716069	14	13	1
2582	0.000029472477	21	9	12
5671	0.000020176561	10	5	5
10257	0.000030323740	13	12	1
72654	0.000011549804	27	0	27
284252	0.000061558829	23	20	3
3887	0.000023590677	30	16	14
644943	0.000011549804	38	0	38
83892	0.000052431404	39	38	1
5753	0.000027793028	32	10	22
15185	0.000011887228	28	1	27
741	0.000048201138	25	20	5
6697	0.000059296414	55	22	33
4026	0.000069825994	51	25	26
210	0.000020147129	19	6	13
228140	0.000011549804	11	0	11
23019	0.000115108316	87	52	35
51341	0.000037938701	34	13	21
64423	0.000031179670	45	45	0
54810	0.000017212484	15	4	11
59074	0.000021248836	1	1	0
37	0.000092751493	30	23	7
100533195	0.000011549804	1	0	1
5777	0.000213345112	121	70	51
8634	0.000015323299	15	8	7
67474	0.000011549804	19	0	19
1737	0.000050187459	40	25	15
79649	0.000031140282	32	32	0
55612	0.000011987534	8	2	6
51119	0.000070542445	57	29	28
2177	0.000089285229	74	42	32
227613	0.000011778583	23	1	22
9841	0.000038090290	74	25	49
57693	0.000025251005	23	7	16
2326	0.000013854823	8	1	7
54440	0.000017813051	11	4	7
3223	0.000027557338	12	10	2
8370	0.000196645910	84	76	8
10114	0.000015732125	40	4	36
18046	0.000011549804	21	0	21
3619	0.000037937728	25	22	3
51493	0.000062226832	76	49	27
79073	0.000031897930	20	19	1
4102	0.000023992487	20	4	16
92345	0.000066166215	69	25	44
67454	0.000011549804	7	0	7
4057	0.000057133855	32	25	7
56218	0.000011549804	1	0	1
5426	0.000084069910	59	41	18
18472	0.000015925597	35	1	34
91746	0.000145023709	63	58	5
7375	0.000070380323	86	31	55
8651	0.000149290672	74	54	20
93099	0.000031123142	10	9	1
3075	0.000066456117	22	11	11
54531	0.000030067569	31	7	24
79813	0.000144486786	71	52	19
22994	0.000083133949	105	102	3
25853	0.000016686291	9	7	2
19060	0.000027324973	5	2	3
168433	0.000015421300	2	2	0
1727	0.000047883059	33	27	6
24061	0.000011549804	26	0	26
256536	0.000012037366	1	1	0
23658	0.000023644345	24	8	16
27341	0.000066648668	44	30	14
140809	0.000030732255	40	12	28
4946	0.000016087481	22	4	18
22989	0.000012899278	5	1	4
1475	0.000022323584	26	17	9
54996	0.000012748500	2	2	0
722	0.000040285272	28	22	6
396829	0.000020567850	2	2	0
6506	0.000019806182	10	3	7
80271	0.000048775918	29	24	5
8867	0.000102391293	48	40	8
59287	0.000011549804	36	0	36
7589	0.000103884584	36	14	22
100506742	0.000023826724	9	5	4
199990	0.000061989458	43	25	18
7805	0.000036098268	28	9	19
3916	0.000052832404	28	23	5
97243	0.000011549804	25	0	25
23304	0.000074201162	46	32	14
56354	0.000012282005	2	1	1
4763	0.000114819795	34	24	10
64320	0.000049471846	18	16	2
26472	0.000023707304	10	6	4
5163	0.000042007343	50	18	32
68092	0.000011549804	25	0	25
10602	0.000020829158	8	4	4
4863	0.000048057992	26	20	6
2191	0.000012517653	15	2	13
6892	0.000045201470	20	14	6
6730	0.000087410551	39	35	4
51663	0.000095694115	63	60	3
51307	0.000028106696	15	10	5
6870	0.000019901325	4	3	1
9737	0.000153400826	49	49	0
20655	0.000013893207	23	2	21
9973	0.000052127980	15	10	5
54558	0.000011980583	1	1	0
753	0.000011549804	47	0	47
201163	0.000014715307	10	7	3
6323	0.000118171158	75	53	22
129868	0.000042872641	12	10	2
8812	0.000033107002	58	26	32
116841	0.000049363842	23	18	5
286827	0.000069053541	16	13	3
730211	0.000051315618	35	24	11
5983	0.000119246756	60	51	9
56986	0.000011713548	2	1	1
55500	0.000036585919	9	6	3
7365	0.000011999925	1	1	0
785	0.000035851752	13	6	7
80312	0.000013631640	3	1	2
64062	0.000098899550	55	54	1
11332	0.000046422578	35	21	14
6301	0.000096284210	65	34	31
23164	0.000066709689	72	61	11
2108	0.000121344031	83	47	36
9867	0.000045113457	28	26	2
10331	0.000014336148	28	1	27
128869	0.000039910199	23	22	1
23136	0.000060037766	103	34	69
5621	0.000173643705	88	31	57
84310	0.000034846257	26	25	1
3839	0.000084229954	122	52	70
4358	0.000021324635	48	10	38
5725	0.000179196077	159	100	59
3159	0.000204966688	105	73	32
134553	0.000021173541	9	9	0
79443	0.000033584638	52	16	36
814	0.000032206071	21	14	7
130560	0.000022508369	17	7	10
2161	0.000029833590	22	8	14
64411	0.000032535535	36	22	14
54431	0.000045910286	33	31	2
9352	0.000102930774	62	30	32
208263	0.000011549804	34	0	34
126070	0.000042120706	34	21	13
8315	0.000046415016	36	22	14
84641	0.000013334208	4	3	1
55233	0.000071039330	67	28	39
64375	0.000035506858	25	12	13
389421	0.000020786747	34	9	25
26517	0.000096215699	72	44	28
267004	0.000017527066	3	3	0
29901	0.000034664617	9	6	3
3241	0.000020838382	31	12	19
5955	0.000058751496	60	48	12
26585	0.000012143359	3	1	2
23421	0.000065740371	76	24	52
257160	0.000032409884	12	12	0
10382	0.000057349325	103	50	53
84210	0.000012331363	1	1	0
358	0.000020252583	105	4	101
6093	0.000122027232	62	48	14
4643	0.000049634138	65	47	18
4909	0.000017470680	8	4	4
109676	0.000012963316	1	1	0
4194	0.000098082303	76	33	43
11063	0.000047140098	17	14	3
23475	0.000013928116	46	1	45
57492	0.000056200395	47	26	21
6239	0.000048684352	31	18	13
84272	0.000039301118	14	10	4
113829	0.000031842030	9	7	2
360	0.000022773231	6	3	3
10538	0.000023420481	23	9	14
3131	0.000017763825	10	5	5
169981	0.000021161547	4	4	0
2239	0.000020272334	16	10	6
83897	0.000097488689	77	43	34
6990	0.000033617738	26	12	14
150590	0.000013612150	1	1	0
2742	0.000014972437	27	2	25
84319	0.000144656932	82	76	6
10681	0.000073147490	39	21	18
8669	0.000084336034	38	32	6
26468	0.000030020492	30	6	24
3098	0.000076622100	62	32	30
164592	0.000064787035	25	18	7
8330	0.000023705386	17	13	4
435	0.000036492506	19	9	10
493829	0.000036083155	9	5	4
80318	0.000061946751	31	26	5
1588	0.000016146311	30	7	23
5909	0.000062129999	33	25	8
23438	0.000039063077	17	15	2
17979	0.000011549804	1	0	1
2494	0.000053819685	27	10	17
83852	0.000054826187	16	13	3
79760	0.000052858457	47	15	32
79833	0.000045339177	39	25	14
2159	0.000012382411	21	1	20
5269	0.000020880899	15	9	6
154754	0.000011907096	1	1	0
79735	0.000057974186	31	22	9
6424	0.000011549804	18	0	18
23619	0.000027162744	30	14	16
2104	0.000054366884	46	9	37
386676	0.000784291546	221	207	14
1944	0.000014980564	11	2	9
23491	0.000014603393	3	3	0
23053	0.000016104700	14	14	0
25831	0.000118579612	42	35	7
114716	0.000011549804	19	0	19
5139	0.000053317464	51	38	13
9730	0.000152628254	99	76	23
117286	0.000097976171	35	26	9
597	0.000043307971	24	13	11
8030	0.000054558962	67	33	34
2569	0.000045556192	20	7	13
92	0.000132186905	31	19	12
2658	0.000033397586	3	3	0
27315	0.000023518420	17	11	6
8506	0.000059975532	20	17	3
51635	0.000022568543	21	19	2
23764	0.000035172650	36	13	23
5396	0.000015535206	8	2	6
5324	0.000033529108	6	6	0
151987	0.000052117951	39	21	18
347517	0.000025244922	5	5	0
55166	0.000030969557	34	8	26
2101	0.000038465025	46	15	31
128	0.000026690201	40	8	32
22803	0.000075628237	87	48	39
10121	0.000095237792	65	48	17
2950	0.000049560796	67	29	38
8170	0.000017674676	12	5	7
339487	0.000035086294	10	7	3
50514	0.000021893353	31	9	22
9975	0.000037490939	47	15	32
4794	0.000101710337	70	40	30
26589	0.000054347768	100	37	63
2571	0.000028783872	33	14	19
501	0.000089709976	75	42	33
4131	0.000124909670	82	65	17
5711	0.000125179745	94	55	39
11154	0.000018828936	20	5	15
5653	0.000139922756	17	16	1
2743	0.000083505878	4	2	2
115098	0.000023313704	22	21	1
27293	0.000013248658	6	6	0
130535	0.000012952957	4	3	1
54840	0.000025867131	28	8	20
55739	0.000051973668	30	19	11
547	0.000036351253	36	15	21
339967	0.000011674794	8	1	7
1627	0.000078554189	234	78	156
8895	0.000020748395	19	15	4
79003	0.000023557666	36	10	26
66700	0.000017795126	21	2	19
55818	0.000062384877	28	16	12
7275	0.000038207593	10	10	0
22984	0.000023991376	32	29	3
151648	0.000028000501	54	14	40
124	0.000014700708	24	1	23
217	0.000037673458	78	24	54
866	0.000011744104	9	1	8
3115	0.000050421801	32	17	15
359	0.000011549804	7	0	7
3568	0.000014565369	11	2	9
3028	0.000165058030	122	56	66
20595	0.000011549804	70	0	70
8140	0.000030736040	16	16	0
729991	0.000039094642	6	6	0
152815	0.000028999757	11	9	2
55364	0.000036966232	31	26	5
27163	0.000011782995	50	2	48
220323	0.000023320349	10	10	0
74107	0.000011549804	42	0	42
10020	0.000045760629	71	18	53
55653	0.000012999764	13	1	12
80725	0.000020542085	10	4	6
79948	0.000089566377	48	38	10
79768	0.000100964519	38	25	13
126626	0.000035100345	21	9	12
576	0.000039076895	11	10	1
57545	0.000011549804	35	0	35
3980	0.000077200014	69	46	23
100502766	0.000011549804	46	0	46
1843	0.000016478848	23	4	19
6736	0.000016502481	22	3	19
13395	0.000012288361	1	1	0
54819	0.000098302325	59	41	18
140685	0.000012377818	22	2	20
3017	0.000021430815	18	15	3
54967	0.000024994096	26	8	18
275	0.000025022621	16	8	8
6383	0.000127045611	56	43	13
26292	0.000089965696	82	36	46
25980	0.000038236287	27	14	13
84138	0.000014388799	2	2	0
6767	0.000122038131	66	47	19
7142	0.000026989443	17	7	10
23048	0.000036319420	35	14	21
22800	0.000040910423	55	35	20
5900	0.000070000853	30	22	8
53916	0.000021644502	24	6	18
218035	0.000011549804	8	0	8
374393	0.000023307215	13	13	0
51300	0.000029394835	55	12	43
79135	0.000012500397	3	3	0
5095	0.000028965979	19	16	3
3716	0.000190257767	114	74	40
1370	0.000016117805	3	3	0
162	0.000088663859	91	44	47
9833	0.000030841320	21	13	8
4633	0.000020011774	9	4	5
4357	0.000043810382	25	14	11
7167	0.000199239220	90	76	14
55339	0.000077650837	49	34	15
90135	0.000023636538	8	8	0
84316	0.000050903038	15	11	4
84902	0.000016324090	86	9	77
12864	0.000012963316	1	1	0
3311	0.000033471054	26	26	0
55711	0.000013762989	5	5	0
54751	0.000053253571	17	10	7
2304	0.000011549804	78	0	78
5294	0.000060714237	37	24	13
16589	0.000024278223	7	7	0
80207	0.000011949457	6	2	4
55170	0.000337711044	115	86	29
4298	0.000026158806	52	9	43
28514	0.000040716894	15	7	8
2078	0.000024543427	86	5	81
6737	0.000110849521	103	54	49
4049	0.000025747528	16	4	12
29796	0.000050225744	80	28	52
4708	0.000037561133	58	27	31
56882	0.000022377030	8	8	0
64844	0.000052076571	28	18	10
389812	0.000012033716	7	1	6
216869	0.000011549804	24	0	24
252969	0.000047053824	16	10	6
5423	0.000052943001	44	20	24
2791	0.000035206696	23	11	12
7069	0.000049417392	23	22	1
339976	0.000015904878	4	2	2
383	0.000048706781	25	20	5
56957	0.000045136986	34	16	18
27338	0.000080167218	56	32	24
440163	0.000011549804	10	0	10
5863	0.000020349112	19	5	14
90594	0.000050053267	22	11	11
51315	0.000012157685	5	2	3
10444	0.000074890380	21	20	1
26926	0.000011549804	13	0	13
4603	0.000021630789	13	8	5
30849	0.000045532251	23	21	2
38	0.000124969911	78	50	28
84026	0.000014546438	2	2	0
12166	0.000011549804	137	0	137
9023	0.000011763520	2	1	1
11015	0.000013231646	6	6	0
79096	0.000028969192	22	11	11
11080	0.000074355261	54	35	19
9172	0.000026952929	6	6	0
202243	0.000260392236	64	57	7
8639	0.000156134595	47	43	4
958	0.000059563071	58	18	40
26100	0.000030106459	32	8	24
54469	0.000026710519	15	8	7
10603	0.000019533995	24	5	19
8614	0.000079712959	17	16	1
56338	0.000011549804	1	0	1
374355	0.000240730946	19	16	3
8455	0.000016227376	6	6	0
5873	0.000046118606	32	13	19
94122	0.000033181714	8	5	3
56648	0.000030538187	20	15	5
55293	0.000042426969	29	19	10
27183	0.000044828875	32	16	16
84930	0.000020122190	22	6	16
23786	0.000205041986	72	29	43
84522	0.000056805353	30	19	11
55172	0.000022417410	68	4	64
2131	0.000020262900	12	7	5
2213	0.000027943916	24	3	21
1838	0.000024593469	69	9	60
8495	0.000022606321	13	9	4
442038	0.000037014210	5	4	1
84676	0.000051166019	93	14	79
29123	0.000021811826	30	11	19
10634	0.000019472728	31	13	18
9791	0.000054218176	17	17	0
43	0.000118477764	16	8	8
5662	0.000024441623	8	5	3
27134	0.000037832504	8	6	2
2562	0.000037765551	16	9	7
378708	0.000032020391	33	7	26
842	0.000123926147	58	42	16
6192	0.000115314707	89	59	30
55850	0.000032502607	25	11	14
7752	0.000012441262	5	3	2
133522	0.000059275265	18	9	9
176574	0.000015165158	1	1	0
6922	0.000011549804	16	0	16
108	0.000014982313	27	2	25
5145	0.000024556737	22	19	3
26951	0.000011549804	17	0	17
140456	0.000011549804	14	0	14
3485	0.000026416585	8	4	4
7018	0.000178745261	66	57	9
17149	0.000011549804	25	0	25
117143	0.000036318638	26	13	13
6121	0.000021410926	4	2	2
376497	0.000020562692	1	1	0
84803	0.000012250391	8	8	0
79624	0.000060838684	28	22	6
4507	0.000055439381	53	20	33
57619	0.000035510665	15	13	2
55236	0.000052966039	67	22	45
25926	0.000025351545	20	17	3
100507537	0.000106542521	15	15	0
134218	0.000026580014	11	10	1
25875	0.000028213562	25	21	4
219333	0.000019284034	24	5	19
18507	0.000011549804	2	0	2
64792	0.000018709170	11	10	1
118472	0.000016385477	15	4	11
10627	0.000058135889	66	38	28
71228	0.000011549804	13	0	13
23255	0.000047086089	31	31	0
10461	0.000025114128	10	5	5
9077	0.000028428971	21	12	9
79269	0.000061259309	25	24	1
8540	0.000039415671	27	20	7
29927	0.000098802654	67	52	15
2312	0.000026648969	19	14	5
1012	0.000029677035	13	12	1
57147	0.000022938620	12	10	2
27095	0.000184905786	29	21	8
2879	0.000088402290	53	22	31
81520	0.000011601525	1	1	0
3854	0.000029425263	47	25	22
959	0.000042943039	14	6	8
85293	0.000090122345	92	55	37
26258	0.000085107955	61	26	35
378951	0.000048236044	14	14	0
54504	0.000069163538	41	31	10
2147	0.000031527467	45	9	36
8574	0.000064374552	40	35	5
2268	0.000045079527	42	22	20
5077	0.000069049294	32	20	12
4487	0.000036732577	24	10	14
15194	0.000013828550	79	2	77
5277	0.000040094740	11	7	4
84992	0.000025733007	2	2	0
112936	0.000030161317	43	11	32
80143	0.000035380294	35	16	19
196740	0.000023347706	10	6	4
54763	0.000073125270	47	25	22
55312	0.000052133929	16	12	4
1069	0.000061514890	61	30	31
23287	0.000017079926	14	7	7
29903	0.000013210633	24	3	21
3013	0.000021220876	27	14	13
7738	0.000030718323	7	7	0
50	0.000042385686	36	17	19
60485	0.000034931215	77	21	56
6643	0.000155583012	81	48	33
5650	0.000043559460	16	14	2
7728	0.000018210053	8	3	5
4253	0.000023719814	17	7	10
259279	0.000011549804	12	0	12
26093	0.000036688069	18	18	0
20877	0.000013883560	17	1	16
6476	0.000057878981	17	11	6
10499	0.000165101518	101	52	49
381319	0.000011549804	11	0	11
4437	0.000059588009	34	26	8
473	0.000017695081	37	5	32
41491	0.000012285078	2	2	0
387266	0.000276775917	36	34	2
462	0.000013490403	15	2	13
91419	0.000075861536	34	29	5
714	0.000036484844	10	9	1
8534	0.000012499893	2	1	1
140594	0.000011601525	1	1	0
8408	0.000060992185	45	20	25
1795	0.000016088529	15	5	10
389151	0.000017448990	3	3	0
2117	0.000017857436	11	9	2
84146	0.000037518246	30	17	13
5611	0.000046142707	20	13	7
55071	0.000016522627	8	8	0
9937	0.000020554093	6	4	2
84812	0.000071688206	42	34	8
793	0.000017144099	7	4	3
9790	0.000021199179	14	13	1
285989	0.000017587284	1	1	0
25818	0.000038281658	47	13	34
10979	0.000047307074	51	17	34
51540	0.000077640107	35	27	8
8804	0.000018294816	7	4	3
4540	0.000049313950	30	23	7
10002	0.000039038025	30	8	22
9653	0.000013667507	13	5	8
729873	0.000036936560	12	5	7
54788	0.000017510719	11	7	4
4983	0.000011635347	4	1	3
23834	0.000011549804	19	0	19
12009	0.000011549804	43	0	43
79873	0.000078415735	43	36	7
7356	0.000016925883	5	2	3
23271	0.000027366726	25	23	2
51380	0.000030084948	15	15	0
1159	0.000048117965	30	18	12
25874	0.000018367432	14	5	9
81873	0.000038860822	54	44	10
8505	0.000018180717	7	5	2
74322	0.000012282005	21	1	20
259282	0.000028189734	28	10	18
860	0.000116851472	63	40	23
59269	0.000019340987	11	5	6
7727	0.000060803034	19	14	5
10385	0.000023000961	19	12	7
4291	0.000023807279	40	5	35
5778	0.000023461512	11	5	6
23076	0.000038911175	66	38	28
851768	0.000012972012	1	1	0
163786	0.000024830516	70	12	58
51706	0.000025703596	15	12	3
6623	0.000047029167	34	23	11
26135	0.000096861926	102	71	31
53826	0.000038764457	38	15	23
4091	0.000059728322	51	19	32
55571	0.000049208702	20	18	2
10042	0.000053824006	41	26	15
6902	0.000064362069	25	18	7
54814	0.000029409854	20	17	3
23594	0.000065061015	31	15	16
25904	0.000072180408	32	32	0
29877	0.000014104955	2	2	0
28969	0.000070530149	41	31	10
25864	0.000036538556	16	13	3
1657	0.000017624965	7	6	1
30	0.000057617776	54	25	29
146310	0.000049293359	16	8	8
123722	0.000213923461	91	76	15
55773	0.000060045649	18	8	10
143471	0.000047325787	35	19	16
24596	0.000020327713	3	3	0
10001	0.000109429645	63	45	18
6452	0.000050941858	34	19	15
152940	0.000064076945	20	16	4
904	0.000174404460	91	63	28
6723	0.000079567153	33	28	5
2647	0.000053861654	32	16	16
8294	0.000068610260	63	47	16
8968	0.000317615126	66	63	3
1740	0.000094168990	56	24	32
1742	0.000194825441	127	53	74
79156	0.000046344998	7	6	1
3866	0.000055097519	154	25	129
83541	0.000069922005	49	41	8
54876	0.000024165374	18	16	2
221154	0.000012686513	13	3	10
11145	0.000012066047	4	1	3
10564	0.000048803959	32	21	11
29992	0.000027981640	20	7	13
90522	0.000033381980	9	8	1
6846	0.000014824689	4	1	3
43944	0.000011549804	3	0	3
9971	0.000056787643	30	18	12
84864	0.000036903822	25	21	4
57685	0.000029902952	10	9	1
126695	0.000014724965	4	3	1
441376	0.000100636201	13	13	0
9550	0.000028795659	26	19	7
83450	0.000014376024	1	1	0
64852	0.000039237813	24	16	8
581	0.000099285071	84	40	44
255488	0.000064412161	33	30	3
54606	0.000084661080	93	38	55
2049	0.000027685519	12	7	5
55213	0.000024846189	13	9	4
51013	0.000050457467	64	28	36
64848	0.000025900167	25	25	0
105439	0.000011549804	15	0	15
51760	0.000051884164	45	25	20
6066	0.000087677415	16	15	1
64841	0.000069681352	26	19	7
343930	0.000157254397	20	19	1
250	0.000034838459	52	19	33
80707	0.000013103639	1	1	0
29924	0.000088683395	63	42	21
10590	0.000017981794	23	2	21
5261	0.000028693152	45	14	31
4074	0.000020162697	23	9	14
100130932	0.000015298311	4	4	0
7039	0.000060577237	21	15	6
7827	0.000019305727	7	1	6
84623	0.000014321952	1	1	0
9223	0.000142382647	41	33	8
71711	0.000011549804	15	0	15
2039	0.000024099937	28	8	20
8443	0.000031449954	19	17	2
7010	0.000075701027	28	21	7
124997	0.000020441865	12	12	0
3827	0.000161733825	44	23	21
51109	0.000035567771	27	19	8
116362	0.000021872063	7	7	0
3690	0.000094209630	68	32	36
8337	0.000104453687	44	36	8
54716	0.000013302888	10	1	9
59345	0.000078486016	60	46	14
79648	0.000040180289	30	9	21
76499	0.000012892992	6	1	5
29817	0.000011549804	6	0	6
1289	0.000039040571	25	16	9
117157	0.000030600317	17	7	10
79095	0.000024396542	11	7	4
4034	0.000015852417	14	5	9
29789	0.000047359847	44	27	17
55062	0.000020307639	14	4	10
5317	0.000039984492	34	24	10
720	0.000077464385	23	22	1
9342	0.000136973399	76	41	35
71732	0.000015944428	2	1	1
8893	0.000057244403	33	28	5
26415	0.000011549804	82	0	82
463	0.000031273738	34	8	26
8602	0.000025013793	22	21	1
28956	0.000074904198	25	15	10
10972	0.000109887071	57	37	20
440574	0.000014086147	27	5	22
2235	0.000041358953	21	20	1
11169	0.000101594211	39	34	5
51107	0.000024462107	26	10	16
79038	0.000055416682	29	22	7
852250	0.000012972012	1	1	0
7325	0.000103606335	82	30	52
125950	0.000072486911	56	50	6
1948	0.000032303492	72	8	64
54884	0.000016977690	13	12	1
1411	0.000014593033	23	2	21
25929	0.000080815274	83	48	35
84265	0.000024340574	13	10	3
27097	0.000057401522	46	28	18
128853	0.000011589791	9	1	8
25996	0.000013148899	13	2	11
51246	0.000020279688	4	3	1
148281	0.000066431334	34	22	12
8567	0.000067778507	22	19	3
29100	0.000021599155	8	4	4
100144435	0.000016741286	3	1	2
9425	0.000206969791	56	39	17
8930	0.000027461058	26	15	11
9546	0.000101030985	12	9	3
5009	0.000031767525	5	5	0
78593	0.000011549804	27	0	27
7690	0.000042514640	20	20	0
400629	0.000027307835	2	2	0
84626	0.000015827282	8	7	1
9076	0.000110783988	16	10	6
81545	0.000024455876	14	10	4
54466	0.000015036532	5	5	0
5129	0.000033291607	92	21	71
84081	0.000029976752	18	17	1
8409	0.000069573099	57	38	19
84444	0.000102714144	56	27	29
23566	0.000020091467	20	6	14
23897	0.000011549804	15	0	15
387521	0.000044796435	21	19	2
10098	0.000011549804	60	0	60
91612	0.000014932324	4	2	2
7035	0.000143897654	22	20	2
2186	0.000058153922	37	25	12
6641	0.000037180028	14	12	2
170392	0.000016089473	9	5	4
826987	0.000012265472	1	1	0
22192	0.000011549804	2	0	2
153443	0.000018569972	15	4	11
9317	0.000018243262	8	7	1
10533	0.000094723283	52	27	25
1066	0.000013582604	7	2	5
80155	0.000088841067	48	40	8
84301	0.000044941213	17	8	9
3614	0.000073548881	45	27	18
134549	0.000013244169	5	3	2
64754	0.000095944839	37	24	13
728642	0.000032641933	51	15	36
7090	0.000132331367	64	48	16
15228	0.000028742981	3	3	0
55805	0.000015930940	7	2	5
51475	0.000024528139	11	3	8
55291	0.000072768801	77	49	28
55728	0.000030268276	20	14	6
84296	0.000087713275	37	29	8
7169	0.000241102971	101	86	15
7812	0.000080599536	54	33	21
8076	0.000032614012	4	4	0
150421	0.000011549804	2	0	2
93687	0.000015297072	2	2	0
4488	0.000037935168	56	14	42
1525	0.000027296410	15	9	6
10400	0.000012093774	4	1	3
23761	0.000018875974	5	3	2
92922	0.000035235948	15	15	0
4803	0.000036127152	14	7	7
9875	0.000042431548	28	28	0
80185	0.000026987051	18	11	7
197257	0.000016063669	58	4	54
57599	0.000031193767	75	13	62
9639	0.000017214432	14	4	10
4619	0.000036811515	29	19	10
51002	0.000058550015	40	23	17
611	0.000011549804	1	0	1
125997	0.000025784668	19	7	12
353189	0.000011643766	2	2	0
55693	0.000015436275	6	4	2
3751	0.000026433061	17	4	13
2207	0.000046029732	19	5	14
665	0.000055148801	42	22	20
98758	0.000012249679	30	1	29
6517	0.000041680035	49	11	38
32	0.000027190475	11	9	2
8891	0.000061361741	49	29	20
8367	0.000099245857	61	56	5
8340	0.000028012747	29	27	2
350	0.000032746164	34	16	18
994	0.000058705499	46	27	19
54939	0.000026428419	47	14	33
9814	0.000073472768	45	39	6
80006	0.000044032442	18	14	4
29950	0.000092039640	56	24	32
57862	0.000042772697	35	22	13
653361	0.000071351852	47	24	23
7798	0.000047389872	69	69	0
202459	0.000081836871	27	22	5
5132	0.000012868899	6	2	4
84706	0.000013776261	12	4	8
1716	0.000011993053	65	1	64
83548	0.000064163992	41	21	20
1477	0.000051907598	38	21	17
4332	0.000019291353	12	5	7
56341	0.000035226663	35	11	24
345	0.000016585153	11	5	6
654483	0.000238094525	23	22	1
29904	0.000030666065	51	12	39
79685	0.000037838474	12	8	4
1291	0.000029048834	17	12	5
81930	0.000024690418	29	13	16
26128	0.000179440597	52	45	7
8872	0.000019445509	14	10	4
1267	0.000026333729	29	17	12
2305	0.000061288350	72	34	38
4140	0.000089865027	67	38	29
527	0.000020877598	28	8	20
83667	0.000021110049	11	5	6
4854	0.000045967229	55	15	40
80124	0.000068876125	41	29	12
10434	0.000037647612	21	12	9
327	0.000076503313	41	19	22
116983	0.000013872107	5	3	2
80723	0.000021504234	4	2	2
3604	0.000017740241	12	3	9
6407	0.000051740525	14	13	1
220441	0.000031072473	5	5	0
140576	0.000061642055	32	11	21
252839	0.000033662736	14	11	3
252884	0.000039929046	17	5	12
6642	0.000096528016	70	29	41
64798	0.000032642593	18	13	5
92335	0.000031654007	7	6	1
23070	0.000014098874	11	6	5
2787	0.000027948850	34	12	22
23046	0.000018809384	32	9	23
399979	0.000012651683	4	3	1
5266	0.000030226866	7	5	2
4014	0.000047861129	15	10	5
100532737	0.000030714081	8	8	0
4952	0.000042491706	33	23	10
84688	0.000052546960	35	20	15
1644	0.000015861322	31	3	28
60468	0.000067171432	52	30	22
7695	0.000023313747	10	6	4
4661	0.000019491471	6	3	3
56896	0.000042686708	19	16	3
615087	0.000040286608	5	5	0
22926	0.000044606793	30	14	16
8829	0.000087824481	39	27	12
644019	0.000012277315	1	1	0
81572	0.000044066952	34	29	5
144568	0.000020749616	9	9	0
7008	0.000019754122	7	6	1
635	0.000060267540	15	13	2
9991	0.000024143906	18	15	3
5464	0.000054427557	33	22	11
130827	0.000023625394	6	4	2
9246	0.000131939998	54	25	29
81603	0.000150458265	69	51	18
84324	0.000063023568	48	24	24
136647	0.000042670816	20	19	1
5443	0.000033447986	23	7	16
203547	0.000048720486	27	22	5
54882	0.000046528672	57	35	22
83992	0.000038503083	30	13	17
5192	0.000032523818	20	18	2
9982	0.000013473160	5	2	3
6150	0.000097420277	119	70	49
1365	0.000033098672	9	2	7
11977	0.000011549804	27	0	27
196541	0.000018636643	17	1	16
3238	0.000016501817	8	2	6
24831	0.000013721884	12	1	11
221037	0.000030310875	17	14	3
4211	0.000108759576	43	29	14
119504	0.000062627200	32	31	1
6650	0.000017066616	8	4	4
440689	0.000015063160	11	10	1
55054	0.000058328913	45	23	22
85015	0.000026963832	31	10	21
29766	0.000104755466	89	79	10
54205	0.000144187280	57	30	27
135	0.000013582016	14	2	12
54859	0.000036570459	25	16	9
851549	0.000016931216	6	1	5
55814	0.000056914529	29	22	7
9572	0.000024602911	16	8	8
8394	0.000059794768	41	26	15
9369	0.000023220035	8	5	3
60365	0.000011549804	35	0	35
55766	0.000015422273	8	8	0
6576	0.000042772893	40	33	7
9852	0.000058587139	44	23	21
109181	0.000011549804	15	0	15
7703	0.000085000716	49	31	18
10225	0.000011549804	12	0	12
27018	0.000036629810	44	16	28
64778	0.000062050642	35	19	16
1628	0.000017407485	13	5	8
440176	0.000011795132	1	1	0
653121	0.000345072101	77	75	2
192159	0.000011549804	52	0	52
118426	0.000014829976	6	6	0
51441	0.000042492121	39	36	3
23635	0.000025307930	23	11	12
325	0.000026137083	18	8	10
2214	0.000020739634	19	3	16
84079	0.000020680766	9	6	3
57799	0.000031067459	12	7	5
8348	0.000026171267	19	15	4
56124	0.000027619437	10	6	4
23495	0.000015439074	12	2	10
8741	0.000035426208	14	9	5
83695	0.000018112140	18	7	11
1735	0.000011549804	4	0	4
55149	0.000022915522	14	14	0
84148	0.000044984088	41	15	26
23054	0.000059348939	100	22	78
84332	0.000031704972	9	7	2
54718	0.000011601710	1	1	0
728577	0.000021313955	8	8	0
32225	0.000011549804	1	0	1
57592	0.000042313632	36	24	12
22949	0.000020120427	14	4	10
6594	0.000066272624	38	26	12
116285	0.000036460902	14	4	10
402117	0.000427212179	23	21	2
11282	0.000016125093	13	2	11
10276	0.000017790125	15	5	10
50997	0.000013055138	1	1	0
30851	0.000082995289	19	11	8
163882	0.000016910973	14	8	6
84124	0.000026470774	10	9	1
92999	0.000065854928	14	13	1
928	0.000064294994	39	27	12
950	0.000051568164	21	14	7
3299	0.000027026751	50	7	43
79694	0.000040276980	14	13	1
846	0.000040956740	15	12	3
6197	0.000156230134	89	56	33
8862	0.000043370036	46	17	29
10652	0.000055027856	44	24	20
361	0.000031660578	10	7	3
8398	0.000020273362	13	4	9
3556	0.000057243094	24	12	12
55668	0.000110080894	37	19	18
3558	0.000023025217	25	8	17
8061	0.000061049251	48	30	18
129401	0.000029132354	66	28	38
3897	0.000034010571	35	14	21
1746	0.000034702112	14	8	6
391002	0.000011771834	1	1	0
55837	0.000033708159	18	10	8
6759	0.000014218559	4	2	2
6263	0.000024397498	6	6	0
197407	0.000044523258	15	13	2
11098	0.000020957724	41	13	28
64858	0.000026413855	17	4	13
8733	0.000037183877	21	17	4
30834	0.000040794882	26	19	7
149428	0.000011549804	14	0	14
84173	0.000012242183	3	1	2
151516	0.000022730527	10	9	1
5144	0.000092721339	67	52	15
10330	0.000013454700	8	2	6
22877	0.000017785309	7	4	3
93649	0.000045048403	16	10	6
1375	0.000018738379	21	5	16
6785	0.000049622503	18	17	1
3083	0.000012524283	9	2	7
55655	0.000037383305	36	14	22
66037	0.000059203214	42	23	19
100009298	0.000015152021	79	1	78
84240	0.000015404090	6	6	0
67665	0.000011549804	14	0	14
3821	0.000026146029	44	10	34
27302	0.000046743666	17	12	5
56469	0.000014273745	10	2	8
4704	0.000118524963	97	52	45
1277	0.000075986363	54	25	29
6876	0.000092852740	61	36	25
5422	0.000071431981	67	34	33
9182	0.000018535064	37	7	30
51074	0.000067890595	33	18	15
17279	0.000011549804	8	0	8
23510	0.000024490501	13	13	0
10084	0.000033200689	51	16	35
10907	0.000048208865	29	23	6
55671	0.000047647493	53	17	36
529	0.000102246638	67	39	28
56436	0.000024154669	6	5	1
55632	0.000019321619	4	3	1
7940	0.000039039689	3	3	0
5270	0.000039976189	20	17	3
4321	0.000020813044	6	3	3
58538	0.000017435426	3	2	1
64398	0.000076129112	37	25	12
7507	0.000051958129	39	21	18
9044	0.000026528918	24	20	4
84617	0.000105557295	66	63	3
126353	0.000092249587	75	70	5
92140	0.000036896757	25	21	4
2987	0.000025997583	16	7	9
51517	0.000094292156	57	40	17
26024	0.000029514957	24	22	2
23313	0.000065270452	15	7	8
21429	0.000013271058	2	2	0
80789	0.000033655653	53	21	32
7088	0.000250015322	140	112	28
89780	0.000061492431	25	13	12
116224	0.000021921977	19	10	9
7447	0.000054149895	23	14	9
22807	0.000017074151	18	6	12
91694	0.000180003799	79	64	15
80168	0.000011549804	2	0	2
283458	0.000105138857	24	24	0
113115	0.000015714041	9	7	2
53323	0.000021350146	16	3	13
7188	0.000138942593	88	48	40
9884	0.000014406065	1	1	0
24598	0.000013799666	5	1	4
80724	0.000095374709	44	34	10
2264	0.000063877654	40	14	26
6792	0.000016053183	19	6	13
152206	0.000141884330	46	41	5
5822	0.000033789251	30	25	5
90293	0.000032893079	34	22	12
55958	0.000034815140	17	15	2
727897	0.000022008665	9	6	3
3346	0.000017822289	3	1	2
125170	0.000078121525	17	14	3
2561	0.000036096610	22	7	15
1643	0.000054469613	74	27	47
57016	0.000030882360	15	11	4
94235	0.000064276300	17	16	1
26470	0.000037904003	9	6	3
57560	0.000022081450	6	5	1
84095	0.000017194718	11	3	8
9797	0.000015411366	8	8	0
3756	0.000030487796	10	4	6
55893	0.000018299353	7	5	2
55810	0.000014505801	78	4	74
388774	0.000016039484	5	3	2
317772	0.000108107368	36	34	2
23224	0.000056822517	40	33	7
8631	0.000028852632	95	6	89
522	0.000080807418	54	39	15
1984	0.000092077035	50	38	12
7310	0.000012805428	4	1	3
387849	0.000016469962	2	2	0
155459	0.000030985262	51	6	45
8664	0.000231965919	142	107	35
199692	0.000014096912	2	2	0
533	0.000013047668	11	4	7
8800	0.000015860936	3	2	1
51024	0.000069143097	25	15	10
186	0.000039178193	12	6	6
9360	0.000054477089	41	31	10
21402	0.000012337831	39	1	38
22992	0.000053340056	39	25	14
53904	0.000013697845	4	3	1
9913	0.000073122711	29	24	5
54997	0.000036920815	6	5	1
55341	0.000035050319	18	18	0
64784	0.000034856136	23	20	3
55005	0.000061884956	13	12	1
158297	0.000245989066	46	43	3
8446	0.000025152850	15	13	2
216	0.000019026069	42	12	30
7301	0.000044769885	33	18	15
55152	0.000018007415	13	7	6
8331	0.000018973796	12	11	1
6717	0.000046823742	37	22	15
3594	0.000025276725	20	2	18
235626	0.000011549804	8	0	8
261734	0.000025823035	42	12	30
388633	0.000165122603	34	32	2
403313	0.000174513266	18	17	1
253012	0.000011549804	34	0	34
899	0.000036467982	11	6	5
199223	0.000021589887	3	3	0
10476	0.000040519867	47	26	21
89884	0.000224677174	63	39	24
9918	0.000058617816	39	28	11
17698	0.000011778583	21	1	20
56963	0.000020793675	16	4	12
10628	0.000027440571	28	11	17
124801	0.000041359339	28	24	4
1509	0.000094141557	61	35	26
56001	0.000035395295	12	8	4
9905	0.000024507028	17	3	14
54857	0.000018033158	4	4	0
19047	0.000013882045	2	2	0
131076	0.000023228045	11	7	4
8880	0.000132999680	119	66	53
50848	0.000082562363	24	15	9
18412	0.000030236927	11	11	0
388407	0.000070810621	20	16	4
10298	0.000040400905	44	24	20
2263	0.000048516885	48	18	30
67561	0.000011549804	23	0	23
23595	0.000077010742	43	36	7
51495	0.000045892789	44	34	10
81888	0.000045194097	21	15	6
1294	0.000024735986	27	11	16
116843	0.000011589791	1	1	0
5379	0.000014870883	4	2	2
10409	0.000056824390	56	51	5
1046	0.000012293158	8	2	6
81932	0.000028597954	15	11	4
8038	0.000067327351	42	18	24
1728	0.000049324432	28	15	13
168850	0.000017801476	7	7	0
55015	0.000040575002	13	13	0
221960	0.000014857223	3	2	1
6029	0.000039136936	9	9	0
6747	0.000125031920	68	56	12
80790	0.000016224692	5	3	2
1890	0.000027803919	16	11	5
25842	0.000152639736	68	23	45
5927	0.000058947273	27	22	5
7422	0.000120239860	36	23	13
3645	0.000072781443	4	3	1
5935	0.000038745609	42	29	13
3670	0.000038170080	26	10	16
2710	0.000042739717	29	21	8
1282	0.000042182053	35	10	25
63978	0.000078409182	68	45	23
438	0.000030423393	23	20	3
10857	0.000048101458	59	31	28
990	0.000116797344	58	32	26
9649	0.000018595611	7	2	5
2664	0.000080852862	76	27	49
64718	0.000043823365	26	18	8
58515	0.000015241472	6	5	1
64795	0.000075396996	34	20	14
9658	0.000080006357	21	19	2
123355	0.000011549804	7	0	7
84179	0.000011917490	1	1	0
124944	0.000027770152	29	16	13
256329	0.000026781444	17	10	7
406836	0.000014270322	1	1	0
387332	0.000025052439	8	3	5
57482	0.000016192993	11	11	0
10135	0.000023426756	28	15	13
4535	0.000089377692	81	40	41
389541	0.000049349565	13	13	0
79075	0.000038592337	14	7	7
949	0.000025906773	22	18	4
348013	0.000270390608	7	3	4
89782	0.000014576398	3	3	0
2542393	0.000011908828	2	1	1
84085	0.000046400019	22	21	1
654	0.000045485372	10	8	2
10849	0.000038913300	44	16	28
5148	0.000030516905	28	21	7
4289	0.000079587516	32	25	7
93973	0.000047185402	29	15	14
851811	0.000015653479	2	2	0
55296	0.000019344214	6	6	0
80709	0.000022293928	4	4	0
284418	0.000014340546	6	4	2
84520	0.000025532556	16	10	6
51438	0.000032925847	17	11	6
4046	0.000036989623	18	9	9
128344	0.000011549804	10	0	10
3133	0.000029344662	55	7	48
3764	0.000049685796	15	14	1
5149	0.000024225115	24	19	5
677	0.000036804250	15	13	2
6794	0.000078986853	106	26	80
51719	0.000072607198	39	26	13
6760	0.000079679775	55	24	31
83855	0.000051249760	26	22	4
25814	0.000036087272	48	31	17
53354	0.000012197951	4	2	2
1539	0.000012408160	2	2	0
219927	0.000064949169	90	29	61
58513	0.000055200165	35	29	6
23178	0.000028928878	50	17	33
4037	0.000014795613	2	2	0
55794	0.000018732268	33	14	19
340204	0.000011549804	11	0	11
55270	0.000026732859	6	5	1
79365	0.000041259420	38	21	17
359787	0.000116481703	10	10	0
85289	0.000098064494	52	24	28
7163	0.000046937226	52	29	23
4752	0.000018422128	9	5	4
2954	0.000021108275	17	9	8
25894	0.000083091375	72	37	35
9274	0.000044325965	29	16	13
11311	0.000058028712	29	23	6
2861	0.000017892303	18	5	13
3399	0.000073060905	57	25	32
3125	0.000013919255	17	3	14
10505	0.000016766885	7	5	2
4515	0.000012429623	5	3	2
55795	0.000064652568	30	20	10
6299	0.000033174749	20	16	4
852314	0.000012972012	1	1	0
144983	0.000019706476	26	10	16
157922	0.000026284501	27	26	1
189	0.000019907500	33	5	28
66914	0.000011549804	35	0	35
56667	0.000028097068	16	16	0
51234	0.000027635901	13	13	0
5340	0.000140403230	66	40	26
9646	0.000098039693	101	40	61
54946	0.000021069761	15	8	7
29968	0.000072912428	41	24	17
2173	0.000035580185	11	8	3
84337	0.000032206120	8	6	2
401898	0.000103387222	8	8	0
51611	0.000018651538	13	6	7
25822	0.000052315376	19	18	1
10525	0.000207778745	80	54	26
9162	0.000053041576	19	15	4
84978	0.000014416494	17	3	14
4814	0.000014073755	4	1	3
12236	0.000011549804	43	0	43
13427	0.000011549804	7	0	7
1783	0.000037334336	36	20	16
66440	0.000011549804	61	0	61
147339	0.000059633580	25	18	7
3162	0.000041000113	28	16	12
84231	0.000082518034	26	26	0
5837	0.000059814483	18	16	2
10240	0.000039777883	109	26	83
146050	0.000018657700	7	7	0
154007	0.000020607522	31	11	20
79622	0.000084747119	49	40	9
1757	0.000015989317	14	3	11
80025	0.000094255703	25	20	5
10195	0.000013394924	11	6	5
57565	0.000016665799	8	3	5
421	0.000020077255	8	5	3
23504	0.000015370496	4	4	0
115572	0.000128718522	63	42	21
56929	0.000019057244	11	7	4
966	0.000103728339	35	32	3
3001	0.000017911249	20	2	18
57701	0.000028048387	23	23	0
9187	0.000020949078	6	5	1
23325	0.000097891412	29	25	4
26136	0.000068234771	52	36	16
4712	0.000068425169	67	43	24
2310	0.000018277941	4	4	0
8301	0.000075890776	100	57	43
10269	0.000016457043	29	9	20
144321	0.000012383247	10	1	9
3267	0.000059734531	47	26	21
10641	0.000019660207	15	7	8
8723	0.000069215707	26	15	11
221830	0.000027802527	16	12	4
6300	0.000098954450	81	50	31
8881	0.000125054635	79	56	23
16451	0.000012824263	2	1	1
199745	0.000016804070	10	2	8
246100	0.000255967838	71	60	11
2515	0.000017487950	6	1	5
55904	0.000021298552	6	4	2
1281	0.000028193418	16	7	9
2252	0.000026585291	13	7	6
6691	0.000013524264	5	2	3
29969	0.000017289103	10	2	8
122809	0.000017734259	22	6	16
7041	0.000078096626	43	34	9
54801	0.000125137282	55	50	5
7473	0.000016112671	3	1	2
201254	0.000025015713	25	12	13
23279	0.000051846015	56	37	19
54785	0.000047059073	80	17	63
119032	0.000012631553	2	2	0
4784	0.000036019660	20	13	7
5891	0.000016037775	14	4	10
7766	0.000013516871	7	2	5
10904	0.000011996497	8	3	5
1295	0.000012268545	74	2	72
25939	0.000053130463	66	25	41
51367	0.000056273194	20	11	9
23462	0.000026955998	24	12	12
169966	0.000042471082	15	9	6
169714	0.000026047609	24	12	12
51529	0.000043788182	51	14	37
4117	0.000014060454	10	2	8
85376	0.000060061246	30	23	7
5627	0.000035824860	17	10	7
25614	0.000013938824	1	1	0
51206	0.000024685770	21	8	13
23373	0.000024836749	12	7	5
54187	0.000073060930	38	30	8
100124700	0.000025213779	8	8	0
4815	0.000014288841	10	2	8
10966	0.000027932178	14	3	11
337960	0.000052935481	28	21	7
79932	0.000020134562	11	11	0
374618	0.000043703234	13	10	3
1880	0.000011549804	34	0	34
4795	0.000055593913	26	16	10
93426	0.000178372832	45	35	10
55182	0.000022292453	13	7	6
81786	0.000063238335	29	21	8
7049	0.000083634844	22	19	3
152137	0.000020093419	17	10	7
284217	0.000058679101	49	32	17
6288	0.000024665051	8	8	0
79583	0.000017753229	31	5	26
54305	0.000011549804	3	0	3
22941	0.000056391261	35	13	22
150209	0.000014189323	4	1	3
619570	0.000011972613	1	1	0
7108	0.000021636844	13	11	2
2302	0.000012658985	18	1	17
5991	0.000040344716	20	15	5
4677	0.000079246320	59	39	20
286053	0.000045271642	32	18	14
23047	0.000058353741	42	34	8
145864	0.000012108607	2	2	0
24418	0.000015801535	3	2	1
54621	0.000011589791	1	1	0
23581	0.000023541958	18	12	6
6875	0.000030686426	18	7	11
54732	0.000092371437	47	39	8
51497	0.000038925711	54	19	35
128637	0.000011589791	2	1	1
55858	0.000055605154	20	20	0
201626	0.000084957244	29	26	3
118813	0.000011549804	2	0	2
2193	0.000065417342	40	32	8
521	0.000096251451	47	39	8
11094	0.000011917490	2	1	1
21804	0.000013539825	2	1	1
5673	0.000013024400	3	2	1
7075	0.000044290612	17	9	8
223	0.000041719212	58	23	35
1154	0.000027616723	32	12	20
94115	0.000015671815	2	2	0
3738	0.000015271912	17	3	14
26499	0.000012553286	3	1	2
51133	0.000038851152	26	23	3
1268	0.000018320139	8	1	7
3061	0.000018027522	5	2	3
10311	0.000039921720	15	12	3
10579	0.000080482388	28	22	6
22404	0.000012630475	24	1	23
1280	0.000049215122	43	14	29
4322	0.000021086518	9	4	5
57003	0.000062270364	43	41	2
224023	0.000011549804	6	0	6
316	0.000023343639	24	12	12
84985	0.000037347192	26	19	7
2702	0.000013461314	7	2	5
431707	0.000140032980	18	17	1
23885	0.000011549804	1	0	1
23520	0.000012611446	6	5	1
79866	0.000036696116	21	12	9
66036	0.000048348628	21	16	5
51015	0.000060816238	40	25	15
971	0.000029946908	12	7	5
333926	0.000030229261	7	6	1
27250	0.000063414524	57	37	20
50863	0.000034666642	27	9	18
4978	0.000013736876	9	3	6
4628	0.000142196055	97	74	23
253260	0.000092674384	74	36	38
83540	0.000056304865	46	29	17
10537	0.000032899921	23	13	10
51280	0.000043141152	38	19	19
23358	0.000047049934	19	19	0
3792	0.000034361896	13	7	6
79669	0.000078294959	29	24	5
22761	0.000012438162	1	1	0
140689	0.000011674794	2	1	1
55030	0.000017246001	12	6	6
9896	0.000011549804	5	0	5
11231	0.000053614259	32	25	7
8692	0.000018572880	15	9	6
8739	0.000029843159	8	8	0
5794	0.000023997333	11	7	4
54815	0.000135806238	53	48	5
3660	0.000040020596	34	14	20
359948	0.000039530335	16	15	1
12189	0.000011549804	15	0	15
3340	0.000022513036	10	10	0
58194	0.000015132164	2	2	0
8318	0.000045314984	39	18	21
80854	0.000093943876	58	26	32
51652	0.000065694189	34	26	8
55870	0.000021127936	9	8	1
26509	0.000040521086	32	29	3
27347	0.000032413525	31	12	19
79585	0.000059483183	25	20	5
8491	0.000071752226	21	15	6
7033	0.000017315015	4	3	1
11129	0.000025166859	22	17	5
55262	0.000021004953	10	6	4
9615	0.000035131604	36	14	22
51646	0.000030071180	17	14	3
9437	0.000086453476	5	3	2
10081	0.000021021119	44	13	31
25388	0.000017085346	6	1	5
91107	0.000027651637	18	11	7
100652748	0.000020854222	10	9	1
23559	0.000016502465	38	3	35
51439	0.000021850542	13	9	4
816580	0.000012265472	1	1	0
26471	0.000019756212	24	4	20
76816	0.000011549804	24	0	24
55790	0.000040616414	23	9	14
492	0.000041542547	24	21	3
164832	0.000015728848	2	2	0
362965	0.000015485670	1	1	0
4284	0.000040451898	17	5	12
7080	0.000058886191	25	17	8
8027	0.000112584310	70	45	25
23131	0.000028374527	25	18	7
20	0.000033884751	21	18	3
55763	0.000049533409	51	22	29
55666	0.000179510691	94	68	26
90990	0.000020070773	7	6	1
207063	0.000038920036	5	2	3
56122	0.000031440074	15	11	4
285489	0.000024707402	8	4	4
197131	0.000115811484	67	58	9
22934	0.000035874313	41	15	26
7009	0.000035416922	39	12	27
146852	0.000013166411	4	2	2
7755	0.000023357739	18	11	7
3416	0.000098843121	46	27	19
58478	0.000055617163	24	17	7
113130	0.000040215562	60	9	51
84033	0.000085346564	27	25	2
9568	0.000027232460	10	8	2
15394	0.000011549804	61	0	61
3987	0.000026226654	38	15	23
4363	0.000076067588	49	18	31
8854	0.000164065014	41	39	2
55195	0.000029450807	27	17	10
9255	0.000106213768	65	45	20
55359	0.000012605518	1	1	0
7574	0.000013375087	6	1	5
51274	0.000017682476	12	7	5
58508	0.000083807210	48	31	17
55505	0.000025214489	21	20	1
80755	0.000131441745	49	34	15
10580	0.000084317633	46	30	16
29899	0.000025316007	21	5	16
132430	0.000021586855	9	9	0
1186	0.000025100683	35	29	6
112714	0.000024073576	22	11	11
10471	0.000084984024	43	40	3
63939	0.000011589791	11	1	10
125972	0.000013306558	10	2	8
10965	0.000018701803	6	6	0
162968	0.000086699419	39	27	12
23155	0.000031665180	15	15	0
6567	0.000022658276	45	9	36
9555	0.000092641559	73	52	21
4204	0.000079205090	66	39	27
25803	0.000032922115	20	7	13
55454	0.000048208328	23	18	5
728116	0.000022282494	6	6	0
170463	0.000055351638	24	15	9
79586	0.000081111242	17	16	1
25865	0.000033374079	45	15	30
2831	0.000011549804	3	0	3
4486	0.000031004899	34	16	18
93034	0.000080032780	28	21	7
956	0.000087522235	16	10	6
69875	0.000012963316	1	1	0
5481	0.000065942573	53	26	27
92342	0.000022244698	44	4	40
6731	0.000079199167	55	47	8
27158	0.000026722851	26	13	13
26073	0.000040580375	30	25	5
16402	0.000011549804	28	0	28
27177	0.000011683148	1	1	0
121278	0.000011549804	8	0	8
6999	0.000016153550	24	4	20
5099	0.000050523946	28	18	10
100131997	0.000332638192	16	16	0
91647	0.000120508514	52	38	14
2348	0.000015734823	14	8	6
404734	0.000025120872	16	12	4
10180	0.000026244509	23	19	4
2244	0.000067002736	26	23	3
18073	0.000019923096	3	3	0
699	0.000041887504	46	16	30
374897	0.000020810877	10	10	0
2703435	0.000011611955	3	1	2
29386	0.000011549804	1	0	1
546	0.000055430194	58	24	34
94240	0.000033783284	13	13	0
51667	0.000046286010	24	15	9
121506	0.000019732253	6	4	2
64144	0.000011549804	22	0	22
8028	0.000035385453	27	19	8
8674	0.000047903908	33	16	17
9341	0.000099616388	58	41	17
6457	0.000190435663	59	48	11
140545	0.000036904389	42	8	34
284365	0.000081616958	27	21	6
10993	0.000012850220	10	1	9
143162	0.000011549804	2	0	2
548593	0.000051841291	51	18	33
140462	0.000034557727	35	6	29
8341	0.000045837858	29	19	10
232791	0.000011549804	16	0	16
10766	0.000035033500	13	8	5
29803	0.000037255388	26	21	5
10913	0.000013527970	14	2	12
285590	0.000025711901	12	12	0
51293	0.000017706869	8	6	2
441250	0.000023113153	6	6	0
9098	0.000022950665	12	4	8
55032	0.000012057477	8	2	6
388	0.000064734485	34	20	14
6660	0.000063785139	39	20	19
9328	0.000124371579	58	50	8
126526	0.000029318133	13	12	1
1793	0.000034733315	26	18	8
340371	0.000018350647	4	4	0
131474	0.000020077687	22	7	15
5957	0.000030244959	11	6	5
6624	0.000103531569	71	52	19
56965	0.000020462012	10	4	6
375341	0.000050083280	15	10	5
2891	0.000037208383	39	14	25
11319	0.000063600097	42	39	3
85509	0.000012008573	24	1	23
7068	0.000144248239	73	34	39
7003	0.000064068580	30	24	6
900	0.000022599419	41	9	32
51176	0.000083800164	49	23	26
9839	0.000108603109	36	25	11
81848	0.000017280028	13	8	5
26370	0.000011549804	28	0	28
57486	0.000077300498	21	19	2
23270	0.000043248001	22	13	9
6494	0.000024468903	21	20	1
11001	0.000059728630	43	25	18
146691	0.000052675445	26	22	4
9569	0.000050471154	25	21	4
10451	0.000033805267	24	11	13
4158	0.000012829339	6	1	5
494470	0.000032165323	14	11	3
7111	0.000031254062	52	38	14
8911	0.000025472709	3	3	0
3992	0.000035196437	20	14	6
79961	0.000011549804	24	0	24
10914	0.000084717489	53	29	24
1652	0.000014226604	6	3	3
56160	0.000018509614	13	4	9
313173	0.000013922501	1	1	0
1604	0.000013761912	27	2	25
2822	0.000026834213	8	5	3
25019	0.000011549804	1	0	1
55049	0.000024275173	13	10	3
11133	0.000023047825	36	6	30
7390	0.000041575701	13	5	8
51364	0.000036019546	15	8	7
269702	0.000011549804	6	0	6
4512	0.000046672084	44	24	20
2014	0.000013489079	12	3	9
17444	0.000013088560	6	1	5
259266	0.000041137052	47	22	25
10803	0.000011549804	1	0	1
6370	0.000026080733	4	4	0
3758	0.000025072057	12	5	7
586	0.000027647972	35	6	29
84678	0.000031406114	21	13	8
933	0.000035865773	19	13	6
11252	0.000041628485	51	19	32
55608	0.000032764853	18	14	4
29781	0.000050686535	31	23	8
6392	0.000017026324	8	3	5
374383	0.000022550715	11	11	0
3778	0.000026697413	18	8	10
1463	0.000023212289	7	5	2
5546	0.000042253598	26	21	5
6811	0.000088231956	74	37	37
54734	0.000016623943	6	5	1
5271	0.000052250749	17	13	4
64094	0.000012449889	2	1	1
387264	0.000089693120	13	11	2
177335	0.000011549804	1	0	1
291553	0.000013026208	2	1	1
851561	0.000013188107	1	1	0
64149	0.000013573821	6	3	3
89853	0.000054410435	11	7	4
1845	0.000020828597	20	5	15
3744	0.000015359812	6	1	5
51272	0.000038607748	15	9	6
1760	0.000027962373	21	14	7
2960	0.000052256745	82	22	60
1610	0.000012817975	8	1	7
148223	0.000070126303	34	27	7
3565	0.000013826463	10	2	8
56306	0.000011549804	15	0	15
9792	0.000076701443	29	16	13
29078	0.000025528941	14	14	0
10563	0.000026684822	9	3	6
6363	0.000024015307	7	6	1
9166	0.000013731934	4	4	0
63905	0.000015958448	4	3	1
10607	0.000149405570	63	50	13
6645	0.000069120895	32	28	4
5813	0.000054987244	38	30	8
79444	0.000075895192	48	22	26
84850	0.000012033716	1	1	0
268932	0.000012963316	1	1	0
166929	0.000028517339	11	11	0
282974	0.000015428764	9	3	6
89882	0.000037010740	7	5	2
51204	0.000031274041	21	14	7
79085	0.000016899647	6	6	0
7026	0.000065939052	46	37	9
51701	0.000037481510	60	10	50
54941	0.000060546585	27	16	11
3569	0.000016934579	12	4	8
3570	0.000020697813	12	4	8
3975	0.000023793806	10	4	6
8714	0.000032901362	10	6	4
8031	0.000042009733	31	22	9
8085	0.000106247425	44	41	3
9231	0.000070154088	33	32	1
220213	0.000013235694	9	2	7
339201	0.000012433370	2	2	0
3672	0.000031741002	23	16	7
11258	0.000056196042	44	31	13
4077	0.000054859331	41	25	16
5805	0.000050772765	26	17	9
20637	0.000011549804	29	0	29
4499	0.000012106246	7	3	4
3931	0.000041194617	16	6	10
64600	0.000017330133	4	3	1
12461	0.000016883117	36	1	35
116143	0.000046727215	42	27	15
55900	0.000019660824	10	7	3
27284	0.000030537973	4	4	0
3841	0.000047567765	38	20	18
94056	0.000036359137	11	11	0
10623	0.000078692139	65	30	35
66008	0.000016148040	34	4	30
6997	0.000042060180	26	6	20
60344	0.000011549804	7	0	7
55540	0.000025449271	7	3	4
79018	0.000032165037	14	14	0
8720	0.000042701403	19	16	3
282682	0.000011549804	3	0	3
284100	0.000012969872	1	1	0
66854	0.000015707540	4	4	0
54929	0.000026227306	15	15	0
54914	0.000019327709	10	10	0
4035	0.000087266004	87	31	56
132	0.000025819507	15	8	7
4837	0.000025032648	7	4	3
440712	0.000011549804	13	0	13
84899	0.000014486034	8	6	2
81728	0.000011601525	1	1	0
100529063	0.000013375087	3	1	2
4179	0.000033157424	16	8	8
3707	0.000020893835	40	12	28
644945	0.000337019754	16	16	0
9722	0.000065223098	37	22	15
57620	0.000026812603	8	8	0
353324	0.000027237087	11	10	1
58985	0.000019737016	4	2	2
494514	0.000547514102	18	18	0
851752	0.000017405716	4	2	2
134147	0.000035613013	18	15	3
25970	0.000031432260	22	10	12
2958	0.000028114567	23	6	17
57192	0.000019791911	6	4	2
4015	0.000029890121	14	7	7
11250	0.000011976901	5	1	4
64979	0.000123765361	79	62	17
7984	0.000024553751	34	11	23
54828	0.000048128796	33	29	4
23334	0.000017863362	8	8	0
24675	0.000011549804	1	0	1
22821	0.000024493000	9	5	4
56342	0.000018366406	19	18	1
79056	0.000054230707	9	4	5
252983	0.000055736183	17	16	1
51430	0.000018942172	23	5	18
202018	0.000013677786	4	4	0
8689	0.000054619922	60	27	33
1649	0.000036947894	83	16	67
2876	0.000019593021	34	11	23
9805	0.000023202399	9	6	3
64689	0.000039687527	25	18	7
7181	0.000019899650	32	5	27
115992	0.000036835655	49	14	35
23149	0.000039140631	46	17	29
167826	0.000035276723	28	20	8
5876	0.000044601649	65	15	50
266971	0.000019753964	11	6	5
12847	0.000011549804	19	0	19
51101	0.000035870986	20	16	4
69556	0.000011549804	8	0	8
5465	0.000111639231	81	31	50
66317	0.000017947775	23	3	20
80149	0.000038492856	18	12	6
84726	0.000052090114	36	33	3
51201	0.000013556362	2	2	0
9965	0.000011549804	2	0	2
157567	0.000162966825	22	19	3
81610	0.000029355712	19	17	2
11078	0.000049821182	35	29	6
7462	0.000025052958	13	7	6
65083	0.000076452029	37	36	1
4338	0.000029755493	7	5	2
64168	0.000033598425	16	9	7
114793	0.000027603900	16	12	4
1286	0.000014064823	14	2	12
4582	0.000086499939	43	18	25
54495	0.000013497989	8	7	1
2788	0.000029997119	25	11	14
2862	0.000014824689	4	1	3
51738	0.000061017533	12	11	1
71924	0.000011549804	34	0	34
22906	0.000032747265	19	12	7
3613	0.000053529085	52	22	30
51095	0.000033354303	22	8	14
6655	0.000088152389	39	33	6
57409	0.000046407308	26	20	6
55669	0.000030292059	13	11	2
891	0.000275620654	161	107	54
100290337	0.000011549804	34	0	34
29117	0.000114085862	84	38	46
57562	0.000219466451	101	93	8
23613	0.000047542680	56	28	28
2125	0.000100741017	30	18	12
64393	0.000027467674	28	16	12
5550	0.000058572499	30	18	12
9338	0.000056775793	58	20	38
5442	0.000061349752	27	26	1
171169	0.000011549804	5	0	5
80262	0.000043269287	33	8	25
7542	0.000039800563	30	13	17
9095	0.000015345596	12	5	7
79190	0.000015978403	6	6	0
9521	0.000074725004	55	33	22
153328	0.000028487965	15	11	4
382010	0.000011549804	14	0	14
65117	0.000043633036	28	23	5
65108	0.000040524709	38	22	16
114907	0.000017629791	16	5	11
262	0.000041740329	18	15	3
51078	0.000034469480	14	7	7
5218	0.000015115716	23	4	19
90	0.000232569286	119	59	60
10714	0.000057489782	39	17	22
4961527	0.000047550488	86	10	76
51132	0.000064893153	36	26	10
11056	0.000045602497	32	22	10
64328	0.000067443525	31	29	2
10509	0.000011549804	2	0	2
131566	0.000024383268	10	9	1
84303	0.000043275108	28	21	7
24413	0.000025467913	4	4	0
27306	0.000021951694	13	3	10
54964	0.000013799792	3	3	0
1209	0.000017096707	11	10	1
93323	0.000066473483	59	52	7
853715	0.000012972012	1	1	0
54189	0.000011549804	1	0	1
12387	0.000030287188	15	9	6
19704	0.000012249679	1	1	0
825	0.000023515975	12	3	9
129049	0.000017815269	3	3	0
909	0.000022469758	9	5	4
26190	0.000029077587	17	9	8
619565	0.000011994584	1	1	0
54883	0.000018681018	7	6	1
23125	0.000031317989	7	4	3
80007	0.000023519577	12	8	4
18536	0.000011549804	16	0	16
84318	0.000031185091	41	41	0
563	0.000022180448	15	13	2
3984	0.000055023653	53	16	37
54961	0.000017014564	7	5	2
55269	0.000034650952	51	34	17
23621	0.000100378924	32	12	20
6404	0.000035134873	13	8	5
71752	0.000011549804	13	0	13
25934	0.000024446349	18	8	10
79088	0.000045521488	29	20	9
10733	0.000025745636	65	10	55
6909	0.000014356854	9	3	6
407043	0.000011570747	1	1	0
5926	0.000041535428	33	13	20
26228	0.000015179513	19	2	17
6345	0.000011549804	2	0	2
238799	0.000036735887	47	1	46
23303	0.000021888606	11	9	2
268281	0.000014245984	4	2	2
63035	0.000022162925	16	13	3
535	0.000098634780	58	52	6
84448	0.000039941759	6	5	1
64714	0.000089202446	30	19	11
9462	0.000095081354	43	41	2
26001	0.000033411496	17	12	5
51187	0.000019505213	15	12	3
56983	0.000019411267	18	11	7
23063	0.000045973314	44	31	13
7162	0.000050245261	23	22	1
140612	0.000014833726	5	4	1
53918	0.000044370145	40	26	14
57646	0.000037697949	52	18	34
13877	0.000011549804	26	0	26
9377	0.000186928961	66	54	12
729852	0.000012953714	4	4	0
10051	0.000051072680	66	40	26
3459	0.000026789916	19	9	10
51447	0.000023169987	14	8	6
1415	0.000022343618	9	7	2
112939	0.000059625612	35	23	12
67711	0.000014273745	2	2	0
122961	0.000024306712	10	9	1
26609	0.000015113898	4	2	2
5191	0.000017139768	25	4	21
441150	0.000035060469	7	7	0
378698	0.000011549804	1	0	1
64100	0.000060331441	18	15	3
27342	0.000175280769	57	28	29
8508	0.000047758246	64	32	32
23588	0.000033636931	22	16	6
7697	0.000013170414	12	2	10
216274	0.000011549804	19	0	19
8302	0.000177582167	9	8	1
51329	0.000041443285	38	22	16
433759	0.000015834765	4	2	2
23274	0.000013693073	2	2	0
55509	0.000028869694	24	11	13
27072	0.000061354022	26	20	6
25780	0.000039215143	11	8	3
3029	0.000038679202	34	23	11
11197	0.000024220319	9	5	4
16534	0.000016063846	2	1	1
8529	0.000021520409	6	5	1
4072	0.000017540117	4	4	0
55297	0.000106903617	11	9	2
3700	0.000012925731	5	3	2
9711	0.000041849242	21	12	9
5533	0.000041039520	27	10	17
3745	0.000061412682	14	8	6
649	0.000052359303	17	16	1
4943	0.000023736370	16	5	11
78989	0.000011549804	12	0	12
7078	0.000038104370	14	12	2
117583	0.000012653793	10	2	8
6001	0.000035269382	14	11	3
1300	0.000012409463	9	1	8
2661	0.000083868570	47	38	9
54497	0.000020507134	9	9	0
29589	0.000011549804	1	0	1
6531	0.000020585541	16	7	9
4626	0.000016091755	9	6	3
9922	0.000026533468	14	13	1
83637	0.000098430198	29	20	9
231670	0.000011549804	26	0	26
1441	0.000020506639	27	4	23
5319	0.000015894865	6	2	4
4112	0.000014285792	6	3	3
5284	0.000039628592	22	16	6
293142	0.000011601525	1	1	0
5174	0.000034861712	37	6	31
6277	0.000069047468	29	22	7
57488	0.000034902013	27	26	1
6827	0.000054605592	28	21	7
6616	0.000095627020	46	33	13
6812	0.000137413447	71	42	29
51522	0.000047790388	18	12	6
2572	0.000021217290	25	5	20
19241	0.000011549804	7	0	7
3155	0.000038663817	26	5	21
23180	0.000019712546	3	2	1
57690	0.000029354777	31	17	14
79897	0.000031544625	9	8	1
10799	0.000061404061	14	12	2
57472	0.000029037033	24	15	9
5151	0.000031589896	20	19	1
64745	0.000031332442	27	23	4
83539	0.000013759526	5	1	4
8328	0.000024116131	79	3	76
4745	0.000014891520	6	6	0
140886	0.000022313084	3	3	0
133619	0.000035810633	24	13	11
22589	0.000011549804	21	0	21
55623	0.000037219283	21	7	14
10788	0.000054134541	43	19	24
119467	0.000011771923	2	1	1
399088	0.000021373510	3	3	0
84262	0.000092258438	29	19	10
8743	0.000022162087	19	6	13
25573	0.000039896711	5	5	0
84775	0.000020942000	3	3	0
2321	0.000027928254	27	7	20
64839	0.000016311558	10	5	5
29495	0.000024827699	7	5	2
30707	0.000011753654	1	1	0
5268	0.000062581500	56	30	26
6448	0.000030085724	12	12	0
5168	0.000021822706	17	6	11
5625	0.000020316182	10	4	6
7138	0.000079352154	71	19	52
85016	0.000013605088	7	4	3
9895	0.000017096431	5	5	0
57663	0.000011549804	3	0	3
56927	0.000021694896	5	5	0
69837	0.000011549804	27	0	27
2550	0.000026039142	21	8	13
11275	0.000035836118	36	17	19
125228	0.000016257744	6	6	0
4625	0.000030027994	38	13	25
57523	0.000020183288	8	6	2
27238	0.000117948515	61	49	12
26610	0.000030786800	15	13	2
56623	0.000034274476	24	16	8
9616	0.000112858793	60	40	20
23191	0.000085685874	65	41	24
148932	0.000064513240	17	14	3
6319	0.000059601595	37	23	14
83594	0.000019082225	8	2	6
9414	0.000142906027	69	61	8
74370	0.000011549804	4	0	4
84418	0.000023462199	10	2	8
80776	0.000013058787	62	3	59
57696	0.000031064086	21	16	5
54478	0.000029094337	18	6	12
110351	0.000012892992	1	1	0
10712	0.000032039945	35	15	20
23288	0.000030717620	20	5	15
8482	0.000026977869	5	5	0
3920	0.000037262015	42	17	25
55851	0.000031506888	13	9	4
8425	0.000027809784	18	17	1
57333	0.000025148754	10	5	5
84135	0.000110358870	29	27	2
94274	0.000050508506	28	15	13
18637	0.000011549804	27	0	27
55954	0.000024901602	28	17	11
57609	0.000019226313	7	7	0
72776	0.000011549804	20	0	20
7351	0.000017186835	21	2	19
149950	0.000042545170	13	10	3
81855	0.000047519386	45	31	14
75296	0.000011549804	49	0	49
116985	0.000027412118	24	13	11
8555	0.000020865322	10	7	3
55355	0.000024939541	36	11	25
84251	0.000090994866	7	4	3
3651	0.000038982396	22	11	11
54131	0.000013372753	1	1	0
221927	0.000037885954	21	17	4
214931	0.000011549804	18	0	18
4225	0.000020155225	22	5	17
300955	0.000013028883	1	1	0
246330	0.000022124029	16	4	12
72068	0.000011549804	19	0	19
26140	0.000013796729	16	2	14
51264	0.000053806570	98	53	45
57630	0.000134955797	64	42	22
402	0.000035134893	21	10	11
84154	0.000115654799	49	47	2
21973	0.000014333235	1	1	0
6668	0.000026095742	18	13	5
19205	0.000011549804	13	0	13
3400	0.000019141807	11	6	5
2200	0.000026430570	22	8	14
63932	0.000021144190	10	5	5
132954	0.000017489212	5	3	2
3430	0.000020772522	9	5	4
79039	0.000068805779	51	41	10
6882	0.000131873694	50	43	7
84779	0.000032633457	11	8	3
29935	0.000022533865	15	3	12
6296	0.000011549804	1	0	1
76789	0.000011549804	10	0	10
340602	0.000035641254	5	5	0
56987	0.000029776671	21	20	1
23556	0.000043326018	7	7	0
283899	0.000123225324	44	29	15
7405	0.000023592224	19	8	11
17125	0.000014725001	2	2	0
108989	0.000012892992	7	1	6
345062	0.000011549804	1	0	1
27340	0.000037044162	29	16	13
26092	0.000067732724	56	39	17
3224	0.000038217725	103	15	88
3759	0.000023389260	18	8	10
11074	0.000033966720	19	13	6
728269	0.000014786574	4	4	0
54972	0.000019054050	51	13	38
10422	0.000098362619	55	30	25
52276	0.000011549804	20	0	20
84283	0.000095798263	30	24	6
54069	0.000042102620	35	20	15
21853	0.000011549804	25	0	25
114790	0.000021698556	12	10	2
5015	0.000018953888	45	7	38
130951	0.000034950166	11	8	3
85378	0.000050751810	28	28	0
3281	0.000017347071	28	7	21
3963	0.000024662464	19	17	2
56155	0.000017185820	6	4	2
5332	0.000040892965	41	26	15
50940	0.000023551516	20	18	2
27295	0.000019621819	5	5	0
6484	0.000037194702	34	14	20
9245	0.000071624858	13	10	3
1629	0.000071245505	41	34	7
112	0.000018811873	33	6	27
84164	0.000069042535	59	24	35
149111	0.000046994945	9	8	1
57171	0.000014665989	14	5	9
11221	0.000015916524	16	3	13
92105	0.000110362493	42	37	5
2255	0.000012943733	10	1	9
11072	0.000039524259	20	18	2
84881	0.000030168703	16	16	0
1749	0.000019565532	18	10	8
3754	0.000024095355	13	3	10
81037	0.000030874333	24	20	4
3674	0.000034338284	32	14	18
440258	0.000012545501	4	1	3
56683	0.000016990506	33	4	29
55781	0.000023861758	29	10	19
1603	0.000017782630	24	11	13
10060	0.000020738093	6	3	3
110750	0.000011753654	1	1	0
3713	0.000037645671	26	18	8
79807	0.000022036240	9	6	3
90102	0.000046493622	40	38	2
200576	0.000016692881	12	6	6
401508	0.000541094760	33	32	1
80020	0.000014681110	31	6	25
9678	0.000035460448	21	20	1
10369	0.000018912892	23	3	20
10994	0.000047734528	42	30	12
85461	0.000039540969	22	18	4
6610	0.000028529689	17	9	8
54845	0.000015217284	11	5	6
23386	0.000081379519	42	22	20
79777	0.000013905150	4	2	2
5454	0.000019783145	12	3	9
487	0.000034234966	14	11	3
9536	0.000058191691	12	12	0
50674	0.000017086784	5	4	1
72119	0.000011549804	50	0	50
2289	0.000115956705	103	59	44
1369	0.000016612808	6	2	4
924	0.000034580925	9	5	4
27069	0.000058067723	20	19	1
5409	0.000023370256	11	8	3
6781	0.000012033716	1	1	0
51236	0.000022738377	25	12	13
50507	0.000011549804	1	0	1
7099	0.000084241531	43	19	24
3026	0.000021047727	7	6	1
6282	0.000037668723	24	18	6
119391	0.000039110958	14	7	7
243819	0.000011549804	21	0	21
114904	0.000023730520	10	10	0
54919	0.000076579788	56	45	11
51350	0.000046784834	49	31	18
128239	0.000038352315	21	19	2
972	0.000076574843	49	15	34
11162	0.000011758839	10	1	9
115704	0.000046914770	26	19	7
57213	0.000025233675	10	8	2
85395	0.000020123026	13	12	1
84159	0.000030913476	17	17	0
219402	0.000016223587	3	3	0
11067	0.000018821690	20	6	14
23473	0.000042728488	24	20	4
8537	0.000013460343	3	1	2
2166	0.000013541982	3	2	1
9557	0.000053550951	57	29	28
51654	0.000019972625	8	7	1
23412	0.000021584579	28	10	18
28991	0.000022815587	12	8	4
53970	0.000011549804	8	0	8
5994	0.000019948075	10	7	3
55577	0.000106444811	66	39	27
10237	0.000014737550	8	3	5
3039	0.000039369726	29	20	9
51327	0.000025644403	11	8	3
10391	0.000023002125	5	2	3
80178	0.000023949647	12	6	6
1912	0.000045349578	103	34	69
9789	0.000063145508	34	28	6
225523	0.000011549804	37	0	37
8823	0.000013332866	6	3	3
85458	0.000030402948	21	19	2
1388	0.000028591804	28	13	15
114786	0.000011670469	1	1	0
102920	0.000011549804	3	0	3
84669	0.000023607376	34	14	20
24419	0.000011549804	3	0	3
71861	0.000011549804	2	0	2
140735	0.000127397038	52	37	15
300965	0.000011601525	1	1	0
6046	0.000048012249	38	19	19
5949	0.000015726251	16	3	13
79174	0.000042315551	12	11	1
81647	0.000012010199	2	1	1
1949	0.000028437008	10	6	4
60496	0.000044549617	34	23	11
26508	0.000033412879	26	14	12
80829	0.000109623491	68	56	12
6374	0.000022462505	13	7	6
541468	0.000126416907	23	22	1
50852	0.000029672704	12	6	6
5920	0.000019500522	13	3	10
81569	0.000031150228	22	22	0
153	0.000032010545	21	4	17
213539	0.000011549804	63	0	63
2980	0.000013487617	9	2	7
2984	0.000015354283	28	3	25
22909	0.000018983499	34	4	30
23654	0.000058728880	24	21	3
10791	0.000045915224	21	16	5
943	0.000018043261	11	3	8
22029	0.000022725442	6	6	0
79370	0.000016908375	20	2	18
126003	0.000066208404	19	18	1
10552	0.000022107486	37	10	27
81839	0.000068963771	24	24	0
10948	0.000015062312	7	6	1
9256	0.000077647803	20	11	9
57822	0.000011549804	8	0	8
1804	0.000014182315	5	3	2
346689	0.000012822860	2	2	0
9695	0.000060485288	28	13	15
79171	0.000050498880	26	19	7
9173	0.000014488177	15	2	13
10611	0.000072576809	56	35	21
125144	0.000013525849	4	3	1
23365	0.000047677259	30	25	5
349667	0.000012545088	3	3	0
5291	0.000050429282	35	24	11
128872	0.000053573752	10	10	0
57698	0.000081482203	35	26	9
11189	0.000019485168	8	4	4
55761	0.000015728214	13	10	3
70928	0.000011549804	36	0	36
80223	0.000056001116	23	21	2
383295	0.000011549804	18	0	18
3073	0.000050045768	49	23	26
2006	0.000024095645	25	6	19
2201	0.000024924708	17	12	5
375743	0.000018142639	5	5	0
148022	0.000052516907	41	15	26
10201	0.000011549804	15	0	15
1040	0.000017619739	19	4	15
9397	0.000053074547	23	17	6
55204	0.000021127281	11	10	1
23214	0.000049944632	28	20	8
2180	0.000015648349	14	7	7
4799	0.000022069195	47	11	36
10314	0.000016371643	20	8	12
1244	0.000017915276	47	5	42
5083	0.000019031850	22	7	15
5326	0.000026124550	22	8	14
23184	0.000064853808	27	14	13
2768	0.000069436298	41	18	23
64283	0.000023874617	10	6	4
155038	0.000011980583	2	1	1
81875	0.000035344682	13	13	0
9236	0.000035612535	14	14	0
56144	0.000020174460	18	4	14
74355	0.000011549804	17	0	17
26256	0.000013869049	4	2	2
65266	0.000028839886	17	10	7
26249	0.000026776188	20	8	12
3783747	0.000012514307	1	1	0
1607	0.000011946148	17	1	16
54607	0.000011549804	3	0	3
121793	0.000011549804	16	0	16
80762	0.000081688864	26	21	5
23788	0.000060565535	60	32	28
2703413	0.000011611955	6	1	5
140	0.000016645073	12	2	10
25793	0.000050771158	54	27	27
54973	0.000076627249	65	43	22
27101	0.000079422565	81	44	37
16593	0.000011753654	1	1	0
83696	0.000142981868	24	22	2
83659	0.000056820537	30	22	8
79587	0.000020281333	5	5	0
1404	0.000013322769	8	1	7
67781	0.000013744026	2	2	0
1632	0.000028549777	9	5	4
3806	0.000013631510	3	3	0
51460	0.000029201612	32	14	18
342538	0.000051278838	21	15	6
80243	0.000014904669	4	3	1
7764	0.000055211432	30	18	12
84910	0.000011917057	2	2	0
415117	0.000043365918	24	8	16
414059	0.000029027574	8	8	0
6773	0.000087239140	46	34	12
100287932	0.000046434980	29	24	5
4242	0.000018242123	5	2	3
6787	0.000024587972	19	19	0
54875	0.000025903596	12	10	2
221662	0.000022332346	30	5	25
6400	0.000066962084	43	31	12
4543	0.000018427899	27	2	25
54756	0.000018282214	2	2	0
7343	0.000153913896	82	65	17
284805	0.000011549804	2	0	2
7164	0.000037888470	21	11	10
5449	0.000021872393	24	8	16
29965	0.000036996044	16	9	7
1636	0.000013125138	10	3	7
260425	0.000044491920	25	14	11
1296	0.000011694713	14	1	13
8974	0.000044436905	21	20	1
685	0.000020089182	12	4	8
26098	0.000073028517	31	30	1
11165	0.000029148713	43	8	35
100151683	0.000056894830	11	11	0
64756	0.000018115957	4	3	1
5790	0.000015754319	5	3	2
3456	0.000020828752	16	4	12
3484	0.000032135576	14	9	5
493856	0.000040287709	23	20	3
51339	0.000031035520	16	11	5
79917	0.000011549804	23	0	23
11136	0.000016556380	43	7	36
13196	0.000012538857	14	1	13
5524	0.000064163686	67	24	43
55222	0.000018838336	2	2	0
135112	0.000017108202	13	5	8
64682	0.000070374568	73	60	13
23644	0.000071916084	59	44	15
51174	0.000016660322	4	4	0
3236	0.000028453279	10	4	6
90273	0.000011549804	45	0	45
5298	0.000039319838	14	11	3
118429	0.000012676097	10	2	8
1285	0.000025506374	25	6	19
4718	0.000071960335	59	42	17
901	0.000015065691	9	2	7
58493	0.000030622350	16	13	3
5598	0.000107308037	109	41	68
121340	0.000029095631	9	6	3
353376	0.000043617753	21	13	8
347902	0.000022970341	4	3	1
116138	0.000019309337	30	10	20
84065	0.000021749053	13	12	1
140775	0.000025136037	8	7	1
2540392	0.000011549804	2	0	2
83699	0.000017252171	5	4	1
399761	0.000145173839	7	7	0
154467	0.000034279066	6	6	0
3225	0.000018148059	32	5	27
2926	0.000035545386	50	13	37
4986	0.000026360740	16	7	9
64801	0.000020409759	14	11	3
727800	0.000228059482	11	11	0
3752	0.000026482710	35	2	33
9868	0.000106494232	39	32	7
5775	0.000042155297	19	13	6
692312	0.000022505067	12	12	0
117584	0.000016345907	23	1	22
3268	0.000016545566	7	4	3
2038	0.000026615691	16	5	11
10848	0.000035441157	27	23	4
203	0.000017525578	33	8	25
51594	0.000033885286	15	13	2
7504	0.000061691938	19	19	0
112495	0.000053986915	11	8	3
11061	0.000017307079	8	6	2
55374	0.000016860322	7	2	5
84457	0.000015886870	3	3	0
9060	0.000041784044	16	6	10
54878	0.000062432525	21	13	8
80210	0.000042027484	9	5	4
4642	0.000030901369	32	25	7
26046	0.000047412486	57	39	18
20610	0.000011549804	16	0	16
645104	0.000030176254	6	6	0
27129	0.000017189198	17	8	9
72895	0.000011549804	6	0	6
285966	0.000013529105	4	4	0
130497	0.000011549804	4	0	4
64158	0.000020591279	5	4	1
55320	0.000017736055	12	11	1
9962	0.000019634208	14	5	9
55744	0.000017842032	9	7	2
826470	0.000011793969	1	1	0
83460	0.000020304580	9	9	0
157680	0.000016557579	6	6	0
20419	0.000011549804	17	0	17
10591	0.000018938394	13	5	8
19359	0.000015246624	3	2	1
59342	0.000030398451	16	10	6
100294114	0.000011549804	5	0	5
5743	0.000054936257	45	24	21
6439	0.000020173829	2	2	0
9472	0.000047519222	17	16	1
2030	0.000015644283	5	4	1
55734	0.000034254067	27	14	13
52717	0.000011549804	26	0	26
84914	0.000165917977	108	76	32
3240	0.000025595336	31	13	18
12306	0.000012892992	9	1	8
113146	0.000123264905	25	22	3
132671	0.000041691914	15	13	2
1053	0.000034189775	60	10	50
25925	0.000030838435	13	9	4
23262	0.000024050472	13	5	8
9079	0.000031301039	30	12	18
23181	0.000042086302	37	23	14
969	0.000023788415	15	2	13
5162	0.000074731413	65	41	24
140290	0.000018878795	10	6	4
54552	0.000049169592	41	31	10
10868	0.000043631004	81	22	59
170302	0.000011549804	17	0	17
27067	0.000035461114	28	24	4
55038	0.000053154084	33	18	15
21374	0.000016268272	6	3	3
69706	0.000011549804	17	0	17
101861	0.000011549804	8	0	8
57117	0.000097647834	33	29	4
7005	0.000050258361	26	16	10
636	0.000031368785	17	15	2
205428	0.000011969431	5	2	3
63891	0.000042307014	31	27	4
50945	0.000017016059	8	6	2
2050	0.000018447918	15	11	4
7503	0.000021822952	5	5	0
6565	0.000013297220	30	4	26
2799	0.000024529891	40	13	27
3425	0.000014318762	6	3	3
634	0.000034889670	24	13	11
5137	0.000023551516	19	18	1
5648	0.000036608373	21	15	6
8490	0.000012154779	8	2	6
2703434	0.000013793777	1	1	0
5789	0.000023907473	13	7	6
5791	0.000026681045	11	7	4
929	0.000034528533	32	9	23
381	0.000085064554	47	37	10
2703390	0.000042156303	22	12	10
10170	0.000011549804	9	0	9
133418	0.000034569001	10	9	1
4184	0.000016438505	73	7	66
147183	0.000088307369	22	19	3
8193	0.000022389969	10	3	7
114781	0.000030431584	14	14	0
94032	0.000021568641	3	3	0
55770	0.000065272650	33	19	14
55124	0.000040250089	3	3	0
11226	0.000013383095	5	1	4
8884	0.000015752094	3	3	0
126969	0.000013264679	2	2	0
13669	0.000011549804	120	0	120
55628	0.000017350277	5	3	2
853059	0.000012972012	1	1	0
57561	0.000066719551	41	28	13
23326	0.000039083644	59	21	38
57554	0.000019893576	19	6	13
26959	0.000051513799	32	15	17
1813	0.000016567218	25	3	22
55437	0.000031255636	8	8	0
54865	0.000027426708	28	25	3
5867	0.000069360512	51	28	23
92154	0.000012680400	3	3	0
60672	0.000020622323	19	12	7
2188	0.000040188665	23	9	14
3292	0.000019399343	26	11	15
285331	0.000016178900	14	14	0
2735	0.000053334261	64	14	50
270685	0.000012892992	1	1	0
161753	0.000011549804	2	0	2
11113	0.000021640927	21	11	10
84131	0.000026581612	21	21	0
5783	0.000052563207	39	27	12
64093	0.000018275826	13	7	6
221184	0.000079018585	46	28	18
123970	0.000084453335	3	3	0
10609	0.000028706475	17	17	0
8557	0.000056770614	23	17	6
4485	0.000035829238	10	6	4
375248	0.000039211389	9	9	0
287670	0.000011601525	1	1	0
91039	0.000085807506	32	23	9
84919	0.000021154688	13	13	0
2187	0.000037534010	20	12	8
55869	0.000049978885	38	12	26
63897	0.000017715754	12	8	4
9762	0.000013801548	5	5	0
4285	0.000017645871	9	9	0
25988	0.000032664712	39	9	30
79643	0.000072913518	20	14	6
5890	0.000042877278	42	8	34
3397	0.000026670223	51	10	41
29916	0.000017808046	19	3	16
203111	0.000015443385	6	6	0
1995	0.000021795021	11	9	2
3448	0.000012613424	10	1	9
3217	0.000023784330	18	8	10
130507	0.000058011587	17	17	0
914	0.000020448051	22	4	18
197196	0.000012532160	1	1	0
84106	0.000124873199	33	23	10
58510	0.000026671935	9	6	3
133957	0.000014732037	9	8	1
3766	0.000020196179	21	6	15
2811	0.000023572886	26	6	20
8460	0.000013055487	3	2	1
5860	0.000074064704	31	22	9
29914	0.000013670352	9	8	1
57761	0.000045452062	58	23	35
270	0.000013213158	8	5	3
2516	0.000049761671	51	18	33
57622	0.000019907778	8	8	0
84171	0.000026875328	16	8	8
20115	0.000012963316	1	1	0
777	0.000013717373	3	1	2
3595	0.000054174995	6	3	3
3592	0.000030523723	5	3	2
8698	0.000016428754	5	2	3
6659	0.000022131663	27	8	19
28951	0.000013742018	9	3	6
190	0.000029612262	16	9	7
55421	0.000033157724	41	20	21
8813	0.000037446696	33	26	7
3421	0.000035292274	24	10	14
118738	0.000027349974	11	8	3
283373	0.000035050960	22	22	0
387338	0.000028327749	19	18	1
1284	0.000046439645	42	24	18
5008	0.000023747214	17	8	9
80326	0.000011795132	1	1	0
10380	0.000024568804	10	3	7
851587	0.000012972012	1	1	0
10040	0.000170812446	61	41	20
2596	0.000019095194	15	6	9
64222	0.000022060957	16	12	4
115209	0.000017454682	3	3	0
114823	0.000092753880	74	41	33
91977	0.000030474592	8	6	2
17345	0.000011549804	16	0	16
16580	0.000011549804	7	0	7
90459	0.000025462527	15	14	1
96459	0.000028569563	20	15	5
286451	0.000104547214	22	21	1
84280	0.000025172416	13	12	1
508199	0.000047023895	1	1	0
3251	0.000051704629	48	22	26
6881	0.000111635763	84	37	47
157556	0.000051563653	22	18	4
827272	0.000011549804	1	0	1
8431	0.000060738320	65	25	40
859	0.000047643498	21	11	10
128178	0.000027188655	13	6	7
66591	0.000011549804	30	0	30
8624	0.000060476205	37	26	11
9473	0.000017272784	3	2	1
1376	0.000049943995	20	17	3
1476	0.000021189180	29	15	14
100048912	0.000011549804	1	0	1
56993	0.000077637522	52	38	14
285527	0.000051696972	24	21	3
83493	0.000011549804	17	0	17
3434	0.000020643153	46	10	36
546071	0.000011549804	6	0	6
3911	0.000034497722	25	16	9
9952	0.000016372660	8	3	5
1123	0.000028016901	16	5	11
114791	0.000035383557	26	17	9
7123	0.000055125925	17	10	7
114041	0.000017647726	3	3	0
55239	0.000039918515	33	13	20
2570	0.000015007021	5	2	3
821159	0.000011988621	1	1	0
3953	0.000057793154	24	17	7
7620	0.000012462261	3	2	1
10005	0.000016165426	12	8	4
63976	0.000051269699	28	18	10
7135	0.000041803345	17	7	10
57572	0.000052449916	23	23	0
23569	0.000018188957	12	5	7
5471	0.000039043914	36	15	21
6988	0.000013216700	2	2	0
54942	0.000026895346	3	1	2
55286	0.000026404253	8	3	5
22034	0.000024907504	4	2	2
66354	0.000011549804	52	0	52
9130	0.000026634828	12	10	2
92749	0.000026847028	6	6	0
9054	0.000047064474	22	18	4
51371	0.000045341820	36	23	13
6010	0.000055910634	17	13	4
4882	0.000013794025	28	3	25
5147	0.000090405656	52	36	16
4796	0.000024420680	31	10	21
85480	0.000017165431	3	2	1
20479	0.000011549804	58	0	58
79922	0.000024234686	44	14	30
11117	0.000027906451	29	7	22
79837	0.000091559773	31	28	3
339448	0.000022642680	11	7	4
56480	0.000011549804	3	0	3
243846	0.000011549804	40	0	40
80206	0.000015713124	2	2	0
1633	0.000018434115	31	9	22
26146	0.000023954259	74	12	62
90410	0.000072899811	36	30	6
5178	0.000016613227	7	4	3
27127	0.000020091124	6	4	2
9466	0.000027188547	6	3	3
54707	0.000012722505	11	3	8
1501	0.000034898065	24	11	13
6783	0.000024800779	23	9	14
55034	0.000053991844	15	12	3
79915	0.000026581849	15	11	4
2744	0.000069339710	31	28	3
6615	0.000073001383	73	33	40
253935	0.000012842061	1	1	0
26231	0.000012909525	8	2	6
824	0.000114031514	62	39	23
340156	0.000012964542	8	2	6
6097	0.000078035377	29	28	1
10957	0.000044718661	20	17	3
55610	0.000028932941	33	10	23
4956	0.000019939026	15	8	7
79098	0.000089854449	6	6	0
283927	0.000013606002	2	2	0
2595	0.000018198822	10	3	7
54681	0.000024764924	5	5	0
145173	0.000017135353	11	11	0
9133	0.000124689579	34	21	13
1807	0.000023835487	6	3	3
51733	0.000044020598	18	15	3
26057	0.000035082491	28	24	4
145773	0.000013276030	3	3	0
158234	0.000018685375	33	2	31
10232	0.000015487624	14	3	11
30813	0.000011549804	10	0	10
7840	0.000036282079	33	32	1
369	0.000078904535	102	30	72
55080	0.000015476105	12	5	7
338674	0.000011549804	7	0	7
1520	0.000040006073	10	3	7
84219	0.000028185999	16	9	7
348654	0.000012344751	3	3	0
83468	0.000011549804	9	0	9
51473	0.000040742942	21	8	13
854673	0.000012972012	1	1	0
235072	0.000015798346	13	2	11
219348	0.000015742127	5	3	2
9771	0.000030969731	8	5	3
9912	0.000028250785	5	3	2
64924	0.000054808478	20	19	1
55207	0.000040926360	21	17	4
114	0.000020448223	28	3	25
80144	0.000023216792	15	15	0
80021	0.000040407209	11	8	3
8916	0.000094680595	30	26	4
201266	0.000020443578	13	12	1
65110	0.000031456071	28	14	14
10336	0.000033885992	28	9	19
130074	0.000092067908	51	44	7
285755	0.000017523238	3	3	0
10738	0.000017916291	13	3	10
79983	0.000044113148	32	30	2
54821	0.000037408986	20	15	5
24511	0.000013938824	1	1	0
71819	0.000011549804	11	0	11
55651	0.000074335442	32	28	4
10166	0.000013161719	8	6	2
88455	0.000042066018	23	23	0
1073	0.000052890212	56	33	23
64215	0.000043483470	18	17	1
57223	0.000052918051	32	22	10
407	0.000041303400	25	10	15
159091	0.000011771923	1	1	0
91582	0.000043648049	18	14	4
143872	0.000012637457	4	4	0
74237	0.000011549804	4	0	4
29085	0.000036234734	20	11	9
80173	0.000032632838	25	25	0
339175	0.000013374154	5	3	2
137735	0.000013958804	6	1	5
8613	0.000017158372	6	4	2
134391	0.000030694085	5	2	3
100131816	0.000035132568	25	14	11
196403	0.000116585638	50	39	11
51337	0.000016901585	12	12	0
18538	0.000011549804	26	0	26
3012	0.000031187367	24	21	3
10214	0.000017351989	23	5	18
2971	0.000031327507	19	9	10
56526	0.000017345385	28	4	24
2520	0.000031127981	11	5	6
90957	0.000046727514	42	30	12
161291	0.000016462131	1	1	0
4855	0.000036877180	17	10	7
4671	0.000028229754	10	6	4
853870	0.000012972012	1	1	0
248	0.000014477768	10	5	5
8577	0.000015541197	20	2	18
143684	0.000027322199	22	10	12
22862	0.000038132122	27	26	1
57555	0.000041392486	11	7	4
344892	0.000119088667	8	8	0
24506	0.000011601525	1	1	0
4828	0.000015211414	4	3	1
3092	0.000044696769	45	21	24
10312	0.000035956353	20	16	4
79990	0.000017120848	10	10	0
154043	0.000020775221	6	4	2
392	0.000100462981	46	32	14
89849	0.000015754098	6	5	1
63876	0.000052320144	32	21	11
55006	0.000031602070	13	12	1
79778	0.000044345216	14	14	0
3442	0.000017338324	16	2	14
3443	0.000013813045	3	2	1
6248	0.000031238298	4	4	0
3824	0.000016991884	7	2	5
11033	0.000032372207	27	11	16
934	0.000024240673	3	3	0
65987	0.000014017273	4	2	2
116254	0.000027832863	54	2	52
10929	0.000039803649	28	26	2
84100	0.000011549804	8	0	8
51224	0.000028883359	23	15	8
54962	0.000040981827	17	6	11
7922	0.000028975375	37	22	15
100288160	0.000011549804	1	0	1
84651	0.000032826832	11	3	8
140458	0.000011549804	22	0	22
27179	0.000011549804	5	0	5
258010	0.000018666294	16	5	11
9052	0.000035327853	35	34	1
54776	0.000050096751	24	17	7
8476	0.000066901209	28	28	0
2583	0.000015090458	5	1	4
8869	0.000022180623	6	3	3
56953	0.000050549369	27	15	12
953	0.000042551850	13	8	5
4154	0.000038127259	30	13	17
3481	0.000063133148	23	11	12
91179	0.000020149728	5	5	0
79563	0.000011601525	1	1	0
64601	0.000094314612	46	18	28
23099	0.000043682206	34	19	15
55082	0.000033227724	24	18	6
7036	0.000016632661	8	4	4
26575	0.000037883977	43	18	25
284325	0.000212891856	54	43	11
227699	0.000011549804	21	0	21
57190	0.000028273072	16	15	1
140459	0.000087604942	37	22	15
10102	0.000031483895	21	14	7
2633	0.000023960887	12	8	4
84807	0.000087301667	39	29	10
64748	0.000011549804	24	0	24
892	0.000126341555	117	49	68
79847	0.000011589791	7	1	6
775	0.000052035167	25	14	11
55432	0.000058206644	39	21	18
129685	0.000031017567	26	10	16
10238	0.000069075481	62	47	15
7779	0.000021481097	11	11	0
103583	0.000011549804	20	0	20
84501	0.000017817828	5	5	0
79608	0.000015241516	35	1	34
64843	0.000034307421	8	6	2
9213	0.000027476575	27	27	0
4886	0.000018179882	4	3	1
64421	0.000017541553	34	3	31
758	0.000017306206	28	6	22
80320	0.000011549804	8	0	8
6653	0.000050173906	29	24	5
57466	0.000031426735	30	18	12
219738	0.000098304036	15	15	0
102857	0.000011549804	6	0	6
23234	0.000052956022	42	30	12
9051	0.000094841403	92	37	55
71766	0.000019748499	2	2	0
55582	0.000020938685	4	4	0
55238	0.000025962243	14	9	5
307347	0.000011601525	1	1	0
391	0.000023684368	25	10	15
57093	0.000016063671	7	2	5
57905	0.000011549804	18	0	18
2277	0.000040511866	13	2	11
8754	0.000056414212	25	24	1
84285	0.000073826065	25	21	4
99375	0.000011549804	32	0	32
54904	0.000112422929	50	37	13
14811	0.000015108560	2	1	1
52428	0.000014615762	2	2	0
51363	0.000013102015	22	2	20
340719	0.000016801626	5	3	2
23332	0.000044260817	35	30	5
2322	0.000026889724	20	5	15
27429	0.000074782643	66	26	40
7423	0.000023211503	15	5	10
59344	0.000047754003	8	8	0
51227	0.000039845164	6	1	5
5283	0.000032476259	7	5	2
54892	0.000030099869	17	14	3
23091	0.000070410650	88	34	54
65109	0.000068154357	51	35	16
55267	0.000017892010	13	5	8
440321	0.000128738580	20	12	8
58986	0.000014685289	13	5	8
269881	0.000013446194	1	1	0
100289678	0.000011986003	1	1	0
23092	0.000033533676	11	5	6
112487	0.000012064768	4	2	2
67268	0.000011549804	11	0	11
115	0.000019118758	33	10	23
5287	0.000031025925	22	15	7
337963	0.000046250106	10	10	0
9368	0.000234568379	108	67	41
126375	0.000079936829	38	26	12
123228	0.000020927136	14	7	7
79415	0.000059210381	18	14	4
6674	0.000027513804	13	12	1
3730	0.000013909653	2	1	1
84861	0.000036302265	13	12	1
6915	0.000048923149	37	13	24
4151	0.000014283052	3	2	1
2170	0.000027080950	14	8	6
5629	0.000035898299	20	15	5
10008	0.000011549804	11	0	11
11186	0.000053338036	69	25	44
1486	0.000011589791	2	1	1
101206	0.000011896719	2	1	1
217718	0.000011549804	23	0	23
145946	0.000043962300	19	10	9
23111	0.000029993704	40	12	28
26147	0.000016351046	32	6	26
9747	0.000072233693	41	20	21
6687	0.000076430316	48	28	20
54872	0.000026743486	5	4	1
284203	0.000011908828	1	1	0
1798	0.000014078483	7	2	5
29071	0.000020054134	10	9	1
39	0.000070363445	65	38	27
53375	0.000011549804	22	0	22
55177	0.000123207109	34	29	5
9370	0.000051875420	22	10	12
148398	0.000061437632	15	13	2
221060	0.000024389870	6	6	0
116328	0.000027872816	9	7	2
4524	0.000034621721	16	11	5
26013	0.000018851562	43	3	40
54130	0.000012963316	11	1	10
285848	0.000011549804	10	0	10
9902	0.000031427697	16	16	0
148109	0.000011549804	12	0	12
114882	0.000038343699	24	23	1
10922	0.000031293691	12	9	3
5187	0.000030911405	37	24	13
10063	0.000062775511	33	13	20
1666	0.000037438497	31	29	2
5047	0.000021948194	22	7	15
53840	0.000018878718	8	6	2
51296	0.000039877970	16	9	7
284338	0.000019442627	7	5	2
286336	0.000011549804	3	0	3
9024	0.000027984753	14	10	4
11018	0.000034858688	11	11	0
1116	0.000015714234	3	3	0
63934	0.000013525334	3	2	1
13018	0.000011549804	9	0	9
6514	0.000023372263	7	4	3
145645	0.000011549804	1	0	1
1318	0.000012547038	6	3	3
10267	0.000018616259	9	3	6
5286	0.000043383771	58	46	12
7165	0.000206091797	70	45	25
6483	0.000035247958	17	11	6
8703	0.000052938946	40	20	20
6863	0.000027842273	12	6	6
57662	0.000053667828	23	23	0
9512	0.000061719518	22	14	8
19056	0.000012892992	1	1	0
5341	0.000012410537	13	1	12
283011	0.000012033716	1	1	0
1876	0.000075204746	50	30	20
645	0.000017539582	11	6	5
641700	0.000014912324	2	2	0
51361	0.000057448578	38	21	17
55502	0.000028939030	9	8	1
11155	0.000012897472	9	2	7
8996	0.000134184153	40	33	7
113220	0.000011549804	2	0	2
27249	0.000025100893	6	6	0
85477	0.000035055476	12	11	1
3077429	0.000011549804	7	0	7
92745	0.000020038953	8	8	0
78986	0.000033519280	13	10	3
10781	0.000014490183	13	4	9
4597	0.000107142950	45	29	16
4207	0.000012094253	7	1	6
6018	0.000031951369	13	11	2
192160	0.000012249679	1	1	0
63892	0.000045292933	24	23	1
1523	0.000067102361	56	38	18
100133763	0.000011549804	6	0	6
196483	0.000054773416	22	11	11
9312	0.000026168215	5	3	2
55819	0.000052083905	27	24	3
10960	0.000026819973	28	17	11
85569	0.000019401024	2	2	0
837	0.000109231523	57	29	28
90780	0.000021237580	21	6	15
9404	0.000042711047	35	20	15
855284	0.000012972012	1	1	0
23087	0.000031707383	15	13	2
7369	0.000016183629	2	2	0
282616	0.000017367010	2	1	1
3588	0.000045102697	7	4	3
55363	0.000022181053	21	5	16
54959	0.000029392934	15	9	6
100	0.000014891985	32	6	26
3991	0.000035627174	17	4	13
7476	0.000014828183	4	1	3
147111	0.000015775425	3	1	2
130540	0.000062089821	23	15	8
1609	0.000015655512	24	4	20
12464	0.000011549804	46	0	46
124359	0.000025800904	17	13	4
27436	0.000027031202	14	14	0
64374	0.000043055280	13	13	0
23157	0.000040833988	39	21	18
83478	0.000023533013	5	3	2
59349	0.000098774855	73	49	24
114798	0.000017748010	3	1	2
8309	0.000050277509	15	14	1
11211	0.000011549804	5	0	5
83894	0.000011823618	16	1	15
54873	0.000024869474	13	13	0
8527	0.000054277411	25	21	4
9904	0.000061520340	22	19	3
2328	0.000011917490	4	1	3
27352	0.000024650044	14	9	5
483	0.000020922058	102	9	93
51809	0.000018458007	13	12	1
80781	0.000058999078	23	22	1
3852	0.000085997372	74	58	16
4693	0.000012656579	5	3	2
93836	0.000011988621	8	1	7
7064	0.000046595539	46	18	28
10439	0.000013487106	13	5	8
2639	0.000039117656	36	19	17
64855	0.000063928497	25	17	8
399	0.000020330979	11	4	7
54855	0.000020298359	13	9	4
23333	0.000013880667	5	5	0
57568	0.000043567150	19	17	2
155465	0.000076421403	22	18	4
8985	0.000057737614	43	29	14
4967	0.000062842656	52	24	28
5420	0.000022366378	14	11	3
286148	0.000013222469	6	6	0
80263	0.000016553789	15	5	10
11285	0.000040159732	24	19	5
126792	0.000025545780	7	4	3
23306	0.000014533040	8	8	0
80019	0.000044343222	25	11	14
284297	0.000042564449	14	12	2
727738	0.000029963626	8	6	2
84128	0.000025177686	15	15	0
16480	0.000011549804	39	0	39
10926	0.000035588951	20	11	9
55179	0.000022383469	7	6	1
3488	0.000049610558	36	14	22
551	0.000023714714	11	4	7
4818	0.000021864423	15	6	9
146059	0.000028448628	11	5	6
4121	0.000020006805	7	5	2
84759	0.000028835992	30	17	13
346673	0.000048202106	8	8	0
342132	0.000057724828	23	20	3
9419	0.000043602604	21	18	3
83871	0.000029012406	16	15	1
6515	0.000015473277	5	4	1
3418	0.000022606086	22	11	11
1901	0.000120737053	15	6	9
27032	0.000015716185	16	14	2
123016	0.000023068276	5	3	2
7706	0.000133452775	89	54	35
23586	0.000075549722	47	20	27
170261	0.000035301287	14	12	2
6340	0.000059614900	17	12	5
7813	0.000027475803	30	12	18
8863	0.000022326192	16	7	9
5545	0.000014558994	3	1	2
9590	0.000057784252	38	34	4
629	0.000022081065	11	7	4
56792	0.000012538857	1	1	0
7134	0.000052740957	13	7	6
126298	0.000021289211	10	10	0
59339	0.000044562962	16	12	4
30835	0.000016185248	15	2	13
3351	0.000035267291	8	6	2
23384	0.000055811355	54	51	3
19679	0.000012993377	2	1	1
3855	0.000101873270	20	12	8
81570	0.000042678417	22	18	4
93594	0.000027781186	35	35	0
18573	0.000012892992	1	1	0
6253	0.000030736307	12	9	3
10810	0.000028035644	16	10	6
852376	0.000013481867	1	1	0
1364	0.000012347827	7	1	6
378108	0.000063167566	29	24	5
57801	0.000029851336	13	6	7
118987	0.000016468140	11	11	0
2138	0.000014717370	10	3	7
7593	0.000038716333	16	10	6
10278	0.000086633305	39	17	22
83942	0.000029641142	18	8	10
79780	0.000026532657	11	11	0
347734	0.000066900996	21	21	0
2128	0.000012076554	1	1	0
27348	0.000032903854	10	8	2
1264	0.000023327506	17	4	13
9692	0.000024801603	11	11	0
55607	0.000040477762	32	26	6
70601	0.000011549804	9	0	9
93144	0.000040974098	27	18	9
1907	0.000013039299	3	1	2
283551	0.000026786670	5	4	1
54981	0.000021026885	8	5	3
283219	0.000081937725	13	13	0
2697	0.000040611919	45	20	25
2700	0.000021609909	6	3	3
55890	0.000027233944	8	8	0
56676	0.000055418906	12	11	1
5321	0.000033896855	50	15	35
7174	0.000032794357	23	17	6
7136	0.000038922394	14	10	4
9033	0.000019798000	3	1	2
22030	0.000022921207	7	7	0
51614	0.000019818374	54	4	50
124565	0.000021722593	13	13	0
66005	0.000020504924	7	4	3
133	0.000016955936	8	3	5
112755	0.000051931667	24	15	9
55680	0.000025570010	9	8	1
7705	0.000039563749	11	11	0
942	0.000017087536	7	2	5
940	0.000072480427	22	15	7
25963	0.000023294810	12	10	2
112611	0.000011549804	12	0	12
10910	0.000137832983	89	67	22
9046	0.000057278538	32	21	11
55847	0.000056572750	28	16	12
11164	0.000028388510	41	13	28
17131	0.000023277702	7	5	2
91	0.000188854241	49	32	17
25979	0.000017956272	12	10	2
51526	0.000013564438	3	3	0
50488	0.000034679860	24	12	12
57524	0.000019291075	4	4	0
434	0.000056758748	6	5	1
23637	0.000059049528	38	26	12
6401	0.000035901063	21	9	12
10361	0.000015927236	7	3	4
5476	0.000061648250	51	28	23
55846	0.000020186740	7	7	0
26584	0.000022520893	2	2	0
29066	0.000021135022	10	9	1
221613	0.000022821544	25	12	13
9764	0.000033970694	6	5	1
55699	0.000067965941	38	32	6
134	0.000017102531	11	4	7
81556	0.000041847376	42	18	24
2774	0.000019332737	6	6	0
55831	0.000035236673	32	26	6
2357	0.000012661507	6	1	5
55252	0.000025481608	18	11	7
80195	0.000028521643	12	8	4
229707	0.000011549804	14	0	14
1954	0.000017037046	9	9	0
27156	0.000045206520	37	22	15
10605	0.000058201504	41	23	18
440563	0.000069155256	6	6	0
3214	0.000015112919	8	2	6
925	0.000101299023	35	29	6
55756	0.000108864050	28	25	3
57405	0.000032057680	36	20	16
366310	0.000011549804	3	0	3
75964	0.000011549804	20	0	20
64318	0.000046100434	31	24	7
93742	0.000020627385	2	2	0
91687	0.000120317202	47	40	7
3135	0.000037091955	18	11	7
115908	0.000011771923	1	1	0
653499	0.000027522218	7	6	1
10927	0.000022512301	35	17	18
23387	0.000033713324	23	11	12
294429	0.000011601525	1	1	0
50999	0.000016439149	4	3	1
10908	0.000022599699	20	19	1
63877	0.000012766893	2	1	1
55281	0.000018087138	9	5	4
79081	0.000015744413	3	3	0
134353	0.000024258684	31	19	12
133584	0.000014731921	5	5	0
6675	0.000023829392	17	10	7
9880	0.000020871426	12	7	5
284393	0.000015070613	7	7	0
100526767	0.000011549804	10	0	10
4905	0.000151409849	93	49	44
22868	0.000021396709	16	12	4
199777	0.000012337818	2	1	1
9765	0.000025285473	10	8	2
81618	0.000039537035	15	13	2
55692	0.000049516264	110	30	80
115509	0.000017720367	11	7	4
7554	0.000047466675	24	21	3
115123	0.000041516385	10	9	1
55352	0.000022530436	43	16	27
3010	0.000020165271	9	9	0
4881	0.000016622252	35	5	30
5153	0.000025245754	21	20	1
259	0.000027540369	18	6	12
1351	0.000014419757	20	3	17
9509	0.000019483405	10	10	0
1968	0.000076646135	48	36	12
853290	0.000014526623	2	2	0
2588	0.000024853830	27	12	15
59343	0.000046477233	39	25	14
292778	0.000015872024	1	1	0
1877	0.000028097140	18	11	7
1103	0.000011549804	11	0	11
917	0.000046984517	15	13	2
5203	0.000067540918	46	33	13
54861	0.000018635328	7	5	2
643847	0.000024135902	4	4	0
55132	0.000027770356	21	17	4
79149	0.000011549804	10	0	10
653489	0.000018280411	10	9	1
81609	0.000138479463	20	18	2
855836	0.000016025621	10	3	7
23072	0.000030217150	21	11	10
4689	0.000026282984	22	9	13
25796	0.000020631151	26	13	13
48	0.000047182303	23	16	7
9857	0.000066453633	63	57	6
84529	0.000021612157	4	4	0
3606	0.000022841191	10	5	5
10068	0.000015522822	4	1	3
56477	0.000026613756	8	7	1
25972	0.000016457896	7	4	3
9726	0.000020052495	9	6	3
81488	0.000037082880	56	13	43
402682	0.000357309979	37	36	1
6351	0.000039908027	11	6	5
1232	0.000046404070	20	6	14
6382	0.000071752638	24	17	7
63948	0.000137925227	52	40	12
84317	0.000023452057	19	18	1
5033	0.000056874401	39	38	1
83499	0.000015667423	1	1	0
10125	0.000023502302	7	5	2
57106	0.000024317622	9	9	0
55017	0.000048826772	32	18	14
387263	0.000017723962	10	10	0
169841	0.000021665683	5	3	2
2150	0.000013981709	19	4	15
10923	0.000085713850	78	41	37
23	0.000086937303	65	39	26
50804	0.000034834135	51	23	28
1235	0.000011549804	5	0	5
1672	0.000015943407	6	3	3
107338	0.000011549804	10	0	10
221476	0.000038169833	6	5	1
85440	0.000089786002	66	60	6
84749	0.000015052288	10	3	7
57463	0.000019779530	11	9	2
79161	0.000014925665	4	4	0
2889	0.000038494736	33	18	15
148	0.000014087488	9	2	7
4017	0.000019000496	18	9	9
8636	0.000032858061	19	11	8
7803	0.000050134026	19	15	4
283431	0.000030015461	16	16	0
782	0.000022341429	9	7	2
100129278	0.000014405042	3	3	0
7045	0.000035816233	12	11	1
116238	0.000029093161	4	4	0
5660	0.000099852072	53	35	18
79576	0.000072910416	30	26	4
223870	0.000011549804	3	0	3
160287	0.000039804988	46	14	32
51763	0.000055400810	44	30	14
79091	0.000011549804	18	0	18
60680	0.000018387009	22	3	19
10855	0.000017997688	11	7	4
2551	0.000033926148	39	13	26
12235	0.000011549804	53	0	53
5836	0.000075557595	41	33	8
220108	0.000173964115	29	25	4
140917	0.000011549804	10	0	10
26065	0.000029116116	19	18	1
79717	0.000042617644	7	6	1
348487	0.000044536535	10	9	1
1136	0.000011549804	3	0	3
56085	0.000027478075	3	3	0
6911	0.000012445140	41	3	38
854504	0.000011549804	2	0	2
91689	0.000014141659	4	3	1
4634	0.000018811938	6	4	2
7429	0.000036046708	9	7	2
23939	0.000011549804	1	0	1
55288	0.000034963737	14	12	2
853639	0.000012972012	2	1	1
1889	0.000017904626	27	9	18
7978	0.000037104512	14	7	7
64081	0.000023792129	15	7	8
2591	0.000013254730	2	1	1
266740	0.000094193614	27	21	6
285782	0.000074605061	13	12	1
23648	0.000062018020	34	22	12
853455	0.000011734072	1	1	0
54462	0.000032120873	18	17	1
116159	0.000011549804	3	0	3
80131	0.000026982683	11	9	2
8510	0.000019682887	2	2	0
140831	0.000013411484	3	2	1
6276	0.000011549804	1	0	1
9870	0.000013598490	11	2	9
64704	0.000013277308	2	2	0
4068	0.000022920436	34	9	25
7102	0.000022252308	8	7	1
10440	0.000037462386	12	6	6
9911	0.000026773013	27	8	19
7741	0.000012795193	44	1	43
55601	0.000015612431	6	6	0
153769	0.000050082049	37	19	18
127	0.000016297385	25	2	23
9446	0.000037489294	36	13	23
55605	0.000047011444	50	13	37
55208	0.000025103532	11	4	7
1401	0.000016588799	26	5	21
128602	0.000023830235	11	8	3
63826	0.000015946165	9	3	6
18627	0.000019379489	3	2	1
221421	0.000013919469	14	3	11
10827	0.000026518357	20	14	6
11062	0.000012118931	1	1	0
229663	0.000011549804	10	0	10
6585	0.000026501904	13	5	8
25800	0.000020700102	15	14	1
5937	0.000025521403	33	13	20
23216	0.000059819125	42	22	20
268741	0.000011549804	11	0	11
6891	0.000054815766	28	21	7
538	0.000026792904	15	10	5
8366	0.000098236406	55	51	4
2703395	0.000011549804	12	0	12
55859	0.000047178898	25	21	4
3117	0.000018310346	32	3	29
54625	0.000036979041	13	11	2
227102	0.000011549804	7	0	7
10116	0.000113302390	37	28	9
79823	0.000012120115	27	3	24
64147	0.000059340164	50	32	18
83873	0.000026153582	17	9	8
2646	0.000013972462	5	2	3
8724	0.000100167193	88	59	29
3158	0.000021513261	16	7	9
5968	0.000045052949	3	1	2
55140	0.000044138233	39	29	10
67393	0.000011549804	5	0	5
84629	0.000037444581	11	11	0
55840	0.000041414629	27	17	10
66827	0.000013883560	1	1	0
132158	0.000137585423	60	41	19
155368	0.000066432673	28	24	4
54862	0.000046174017	34	33	1
230075	0.000012963316	1	1	0
5257	0.000035282365	21	17	4
4115	0.000014123647	28	3	25
22977	0.000023368028	11	4	7
63916	0.000022145765	10	10	0
64577	0.000019100856	11	2	9
796	0.000032951116	9	9	0
51534	0.000045126130	41	23	18
12550	0.000019983729	23	2	21
1008	0.000021506853	8	4	4
1729	0.000045852432	53	26	27
65990	0.000011549804	9	0	9
112840	0.000023506069	8	7	1
5345	0.000060620939	19	14	5
9575	0.000044642438	36	16	20
1734	0.000014726606	14	3	11
6525	0.000030854043	12	11	1
163590	0.000032795816	21	18	3
90624	0.000029155708	11	9	2
283150	0.000024882959	41	6	35
66313	0.000013065646	10	1	9
51422	0.000020244106	19	7	12
566	0.000013383301	14	2	12
3835	0.000027056388	59	21	38
140465	0.000030513950	26	23	3
8879	0.000104563770	35	33	2
91304	0.000038982655	13	13	0
5104	0.000067761339	25	14	11
79031	0.000028240866	23	19	4
18	0.000049952830	44	15	29
10124	0.000014069909	9	3	6
60487	0.000021416475	7	6	1
407008	0.000012010199	2	1	1
858	0.000030444441	14	9	5
27681	0.000011549804	4	0	4
8972	0.000042408147	10	10	0
143425	0.000016297073	6	2	4
5874	0.000024163645	11	4	7
54843	0.000032371643	12	10	2
87171	0.000013372418	1	1	0
5306	0.000044207610	24	16	8
10172	0.000011549804	2	0	2
284110	0.000013261632	6	6	0
23067	0.000031470233	23	10	13
23198	0.000062695519	60	29	31
396171	0.000013375087	1	1	0
157313	0.000043745187	20	20	0
1002	0.000016158964	5	4	1
10144	0.000019734612	10	6	4
2805	0.000116465753	80	38	42
80198	0.000040039026	24	19	5
55274	0.000052579155	25	13	12
10389	0.000023218975	19	14	5
5372	0.000031561974	23	10	13
2812	0.000019991070	26	12	14
1802	0.000040607704	24	13	11
3605	0.000014713168	10	1	9
53890	0.000011549804	18	0	18
6526	0.000014490359	11	10	1
84747	0.000029992779	9	8	1
2634	0.000067545391	33	28	5
401565	0.000037455240	3	3	0
4314	0.000045304677	28	8	20
221079	0.000028528024	10	9	1
197370	0.000028214822	16	6	10
56491	0.000012963316	1	1	0
54802	0.000020186563	6	3	3
114898	0.000054798270	32	8	24
9923	0.000014112555	4	4	0
163154	0.000082278095	25	20	5
8560	0.000037482493	31	18	13
56931	0.000028455771	21	6	15
201633	0.000014355118	4	2	2
49	0.000017888753	4	2	2
389741	0.000264010782	10	9	1
2643	0.000020324969	39	5	34
2882	0.000016290978	11	2	9
221981	0.000012876119	3	2	1
6710	0.000067774887	24	20	4
2145	0.000019896255	10	5	5
9601	0.000130096922	75	61	14
23114	0.000014961084	17	4	13
55857	0.000019312208	9	9	0
81557	0.000030086007	9	7	2
26053	0.000017342257	21	5	16
271981	0.000011549804	11	0	11
25778	0.000038512710	21	8	13
70892	0.000011549804	10	0	10
9969	0.000157900614	55	45	10
121053	0.000031755530	12	11	1
9742	0.000025387985	8	8	0
279	0.000014715619	8	2	6
28318	0.000017545605	9	9	0
80727	0.000023230859	13	12	1
2888	0.000025562304	25	9	16
80764	0.000082620018	87	43	44
3783716	0.000012514307	1	1	0
63917	0.000031382227	11	11	0
52690	0.000011549804	6	0	6
84074	0.000050333895	10	9	1
153527	0.000124926009	54	43	11
3097	0.000023512656	11	7	4
5631	0.000046038258	57	21	36
56495	0.000013988972	6	1	5
54455	0.000018061844	8	4	4
56919	0.000020601278	16	15	1
55340	0.000018297855	25	6	19
160364	0.000017121196	26	1	25
2819	0.000019103399	6	3	3
54543	0.000099239700	18	17	1
130162	0.000013838141	4	3	1
374654	0.000021290274	46	19	27
406	0.000047535364	38	19	19
55253	0.000021982558	12	12	0
1455	0.000029434282	22	13	9
10654	0.000062611857	18	12	6
1690	0.000021207261	12	12	0
149483	0.000019306477	10	7	3
10842	0.000011549804	3	0	3
55815	0.000019494559	8	4	4
1959	0.000021153881	23	5	18
90861	0.000068146601	15	14	1
29107	0.000016017391	16	8	8
80209	0.000035280229	12	10	2
651	0.000015231142	5	2	3
255308	0.000017172441	9	2	7
6753	0.000033408532	18	6	12
11170	0.000027032027	34	11	23
644540	0.000015177194	7	7	0
6913	0.000013486803	11	4	7
26233	0.000031132859	19	18	1
253959	0.000016434620	8	7	1
140732	0.000013978442	3	2	1
6782	0.000022157921	14	8	6
7582	0.000012167202	3	1	2
63027	0.000013309320	7	4	3
54812	0.000026116278	13	11	2
78294	0.000022747192	6	6	0
93343	0.000042625843	27	17	10
151568	0.000011549804	4	0	4
149603	0.000021729764	10	9	1
607	0.000019408547	9	6	3
2295	0.000016194790	10	6	4
80201	0.000100735324	17	16	1
23420	0.000028982009	21	13	8
54918	0.000021663384	16	9	7
29997	0.000081098005	36	27	9
4650	0.000030391880	21	18	3
727851	0.000023385233	16	16	0
66404	0.000011549804	6	0	6
662	0.000045711673	24	15	9
60377	0.000012429953	1	1	0
653784	0.000039660645	25	24	1
9278	0.000021569170	16	9	7
150383	0.000037869350	5	4	1
139793	0.000021381651	5	4	1
65992	0.000048118812	27	14	13
81515	0.000011549804	2	0	2
8497	0.000033945068	7	5	2
7869	0.000025394025	25	9	16
308212	0.000011549804	3	0	3
147906	0.000040115443	4	4	0
11235	0.000065318103	60	32	28
284611	0.000016906743	6	6	0
51655	0.000039892303	36	20	16
399371	0.000013346236	1	1	0
79175	0.000024833145	11	9	2
100008588	0.000016389568	3	3	0
84190	0.000011691775	2	1	1
388344	0.000016162086	10	10	0
1412	0.000016385739	28	2	26
341019	0.000011644708	1	1	0
146822	0.000011601710	9	1	8
79970	0.000028068281	9	8	1
408050	0.000020501409	13	7	6
54458	0.000050346048	51	25	26
11330	0.000012371992	20	2	18
3059	0.000024803345	28	13	15
5293	0.000038022585	23	14	9
320	0.000129103644	20	10	10
79594	0.000076112732	38	25	13
668	0.000013315377	57	2	55
852257	0.000011549804	1	0	1
79178	0.000030989922	13	2	11
91875	0.000059383297	30	19	11
11214	0.000115180617	40	16	24
10072	0.000038021675	23	17	6
64788	0.000036453079	18	18	0
1825	0.000023370721	9	7	2
51542	0.000027360767	9	8	1
26045	0.000011549804	11	0	11
51112	0.000133311958	23	16	7
2909	0.000027540660	18	8	10
4041	0.000041196896	19	13	6
8566	0.000076258301	33	28	5
74498	0.000011549804	22	0	22
150197	0.000079370178	41	36	5
644	0.000023155085	20	7	13
81790	0.000028033790	17	17	0
2257	0.000052590771	25	11	14
7633	0.000016958871	9	4	5
29785	0.000012570060	5	2	3
196051	0.000091624265	10	9	1
85450	0.000018391468	9	9	0
255919	0.000011589791	3	1	2
65084	0.000022938588	15	9	6
100101267	0.000023615889	15	14	1
54439	0.000032865462	28	16	12
22930	0.000036184969	29	18	11
67863	0.000012963316	1	1	0
57095	0.000059824963	13	9	4
8644	0.000019820262	11	5	6
283578	0.000161106093	23	20	3
4624	0.000020379563	32	7	25
23705	0.000017793353	11	3	8
7053	0.000034750364	21	19	2
653333	0.000015859045	16	1	15
55125	0.000062774591	72	47	25
55090	0.000072420110	79	28	51
100033430	0.000011972613	1	1	0
64427	0.000019482896	10	10	0
3640	0.000011549804	10	0	10
9061	0.000088590087	36	29	7
6553	0.000015377660	5	3	2
4620	0.000043828222	19	12	7
7991	0.000179695628	24	23	1
23075	0.000082336486	32	24	8
2140	0.000020502111	12	10	2
6095	0.000070748727	32	18	14
91749	0.000027625940	5	5	0
5548	0.000012729172	2	1	1
10559	0.000015457610	7	3	4
8793	0.000131455643	45	35	10
2703401	0.000011611955	31	1	30
201161	0.000018449955	17	16	1
255738	0.000014696112	26	3	23
11261	0.000014141456	16	9	7
6549	0.000019337388	9	4	5
7782	0.000011549804	19	0	19
201134	0.000013180378	2	2	0
18044	0.000011549804	13	0	13
51188	0.000032309843	19	18	1
6666	0.000015621633	3	2	1
52696	0.000011549804	19	0	19
54830	0.000028719922	7	6	1
246175	0.000043577480	22	13	9
22801	0.000013954132	3	2	1
286887	0.000091339293	36	34	2
22900	0.000018962530	45	5	40
152	0.000016197906	16	1	15
54749	0.000019554802	14	9	5
54921	0.000025268557	19	13	6
55616	0.000021293796	8	6	2
51559	0.000013815964	5	4	1
10584	0.000012682155	14	1	13
50944	0.000046497425	26	10	16
54510	0.000016469644	2	2	0
653145	0.000012404353	5	3	2
26411	0.000012538857	1	1	0
54602	0.000036845042	20	10	10
54908	0.000030634468	27	16	11
4234	0.000029794107	37	8	29
26952	0.000013301386	4	1	3
26071	0.000015998381	6	2	4
50838	0.000011549804	2	0	2
76707	0.000016155435	1	1	0
8575	0.000053558414	59	25	34
721	0.000027875861	8	6	2
10052	0.000015428387	10	6	4
51444	0.000043278115	25	17	8
1495	0.000138527021	88	59	29
57127	0.000011549804	4	0	4
81552	0.000093245330	15	14	1
233908	0.000011549804	44	0	44
851246	0.000012972012	1	1	0
12416	0.000011829092	10	1	9
116	0.000017399198	27	2	25
10518	0.000012099560	2	1	1
4684	0.000043214760	31	18	13
23378	0.000021809609	17	15	2
9933	0.000216474527	70	45	25
100128252	0.000011771923	1	1	0
116444	0.000011549804	3	0	3
8496	0.000088777460	35	34	1
8187	0.000013303056	7	2	5
363445	0.000013206569	2	2	0
242785	0.000011549804	15	0	15
7546	0.000018136002	10	6	4
85442	0.000012817340	3	3	0
23007	0.000016822074	38	7	31
42445	0.000012541506	1	1	0
23141	0.000049886645	27	27	0
18128	0.000020305749	7	4	3
230249	0.000011549804	5	0	5
18762	0.000011549804	14	0	14
81611	0.000061248134	31	23	8
129807	0.000022209698	25	8	17
114569	0.000121857135	35	30	5
27440	0.000012525373	2	2	0
26011	0.000013776377	9	4	5
4696	0.000032204765	61	24	37
23492	0.000038017186	36	8	28
59288	0.000011549804	17	0	17
79596	0.000034977874	31	25	6
10978	0.000053265165	35	12	23
10644	0.000031326971	36	31	5
8470	0.000063523040	72	47	25
4617	0.000018818343	12	8	4
26262	0.000011621259	43	1	42
653519	0.000014293858	12	12	0
27245	0.000024518734	14	12	2
25852	0.000060524222	32	26	6
197	0.000039357505	19	14	5
52398	0.000012892992	14	1	13
284161	0.000011713548	27	1	26
1356	0.000015692496	15	6	9
8572	0.000023296764	8	7	1
29087	0.000015565016	6	6	0
55510	0.000021690917	10	4	6
91653	0.000023330122	10	3	7
26692	0.000011549804	1	0	1
7270	0.000027801783	18	13	5
13822	0.000014639439	3	3	0
3736	0.000052284779	21	9	12
642843	0.000011549804	5	0	5
7051	0.000104741373	53	31	22
7746	0.000030203265	15	6	9
151	0.000018708380	7	2	5
668450	0.000011549804	18	0	18
25847	0.000018991701	20	13	7
11234	0.000026956434	33	22	11
30820	0.000046406512	17	11	6
78990	0.000056152699	46	26	20
3493	0.000093644858	58	37	21
80086	0.000025296501	16	12	4
5865	0.000033849824	20	10	10
29959	0.000056207998	25	17	8
4610	0.000013918952	3	2	1
8549	0.000011613812	4	1	3
389207	0.000205501428	7	7	0
81619	0.000014900337	4	3	1
23061	0.000039935112	22	17	5
254887	0.000034491289	3	1	2
57305	0.000011549804	1	0	1
10911	0.000021374458	2	1	1
148103	0.000048997684	9	7	2
5169	0.000023047481	15	7	8
58491	0.000026640784	13	9	4
9825	0.000025255049	27	15	12
7291	0.000048295465	36	15	21
23240	0.000014697997	9	9	0
21938	0.000011549804	3	0	3
477	0.000025129601	17	11	6
58473	0.000028300309	16	10	6
853674	0.000012972012	1	1	0
140460	0.000034973221	22	8	14
9663	0.000012605743	2	2	0
74386	0.000011549804	6	0	6
10961	0.000018217495	23	11	12
378884	0.000019894088	14	4	10
56978	0.000013473432	2	2	0
26018	0.000020460920	16	9	7
138199	0.000024555078	32	4	28
4817	0.000045885530	14	11	3
60506	0.000015687482	14	2	12
221302	0.000032399414	8	7	1
442497	0.000012928678	3	3	0
3783726	0.000018895220	12	3	9
3033	0.000025007592	34	13	21
83440	0.000028623083	9	9	0
104130	0.000012963316	1	1	0
161	0.000071148832	62	47	15
7581	0.000022624726	7	6	1
64782	0.000074034054	42	25	17
233276	0.000011549804	16	0	16
16328	0.000011549804	6	0	6
5576	0.000147078650	89	67	22
76299	0.000011549804	12	0	12
223696	0.000012963316	1	1	0
4277	0.000014194810	4	2	2
10742	0.000018946787	11	7	4
283152	0.000046317623	18	18	0
152687	0.000013435925	2	1	1
317762	0.000065539726	35	35	0
56158	0.000017539475	8	6	2
25906	0.000020153056	48	8	40
6992	0.000037965500	12	11	1
165	0.000012403525	4	1	3
167127	0.000012103450	3	2	1
5073	0.000045881295	28	20	8
79064	0.000012984870	3	3	0
7597	0.000078290979	56	32	24
259234	0.000052006178	30	19	11
5831	0.000032794043	34	26	8
16563	0.000011549804	5	0	5
113251	0.000038362919	28	27	1
954	0.000050249538	13	9	4
54799	0.000023360197	13	13	0
5511	0.000033938660	48	20	28
70	0.000142472822	65	51	14
68653	0.000012963316	50	1	49
196477	0.000031667463	13	8	5
2533	0.000031890609	23	9	14
7079	0.000014010572	2	1	1
2286	0.000050441112	51	18	33
386724	0.000040604433	3	3	0
57181	0.000031988542	24	24	0
2272	0.000036804259	16	7	9
13684	0.000011549804	1	0	1
79025	0.000067348401	45	31	14
342945	0.000241525128	21	21	0
738	0.000074674832	28	20	8
4159	0.000037569883	5	3	2
66589	0.000012892992	1	1	0
5452	0.000051273579	29	17	12
285074	0.000037254608	4	3	1
4808	0.000014117639	9	2	7
92129	0.000040540316	28	20	8
50484	0.000033708191	15	8	7
221908	0.000012842255	9	4	5
1982	0.000034220450	47	29	18
17977	0.000013776545	1	1	0
4842	0.000111314518	55	18	37
100419906	0.000013674575	2	2	0
4326	0.000015796863	3	2	1
574040	0.000012739630	4	4	0
22852	0.000025836313	11	10	1
7527	0.000022300703	4	3	1
64388	0.000011549804	2	0	2
652	0.000067486922	17	12	5
54806	0.000013298408	29	3	26
72148	0.000012892992	1	1	0
147660	0.000037027644	13	7	6
7592	0.000014172251	8	3	5
220885	0.000018596802	9	8	1
57493	0.000012317158	2	2	0
9075	0.000025489474	16	5	11
57820	0.000029748512	13	8	5
96626	0.000025465462	12	6	6
246181	0.000043012102	15	14	1
7485	0.000027504732	11	11	0
3632	0.000020142769	28	8	20
84869	0.000039870692	4	4	0
100137049	0.000025428891	5	4	1
29952	0.000012458910	9	2	7
8625	0.000036822936	33	14	19
79810	0.000022215839	11	11	0
55180	0.000011829129	2	2	0
387032	0.000078068635	22	20	2
80317	0.000027985140	14	11	3
92400	0.000036942741	12	3	9
200765	0.000011771923	3	1	2
54463	0.000031392795	17	8	9
158219	0.000013775097	7	3	4
9581	0.000032433092	10	10	0
148423	0.000032936502	21	19	2
23098	0.000017077094	19	5	14
51270	0.000013673817	26	2	24
84948	0.000016372286	10	10	0
6943	0.000022178511	11	6	5
51603	0.000040312885	28	18	10
9567	0.000044166096	29	25	4
57464	0.000039713215	19	18	1
7222	0.000117440476	25	19	6
8789	0.000052293500	13	12	1
54903	0.000017913619	64	13	51
2149	0.000029964060	27	10	17
850620	0.000022574191	15	5	10
4217	0.000172847182	101	58	43
149986	0.000020734276	17	12	5
123811	0.000024730502	29	29	0
3363	0.000014376925	4	1	3
55609	0.000020884265	14	10	4
9267	0.000058159132	30	21	9
6305	0.000054047787	20	19	1
952	0.000023144186	9	4	5
339669	0.000021527302	13	8	5
114885	0.000042061645	18	17	1
115827	0.000018483096	8	4	4
171017	0.000015564966	12	6	6
158471	0.000017238109	12	3	9
285141	0.000042747840	5	4	1
28970	0.000091550830	32	16	16
65969	0.000015713481	1	1	0
120939	0.000011589791	16	1	15
948	0.000026503196	20	6	14
11194	0.000014302583	13	5	8
84273	0.000053242818	18	17	1
51574	0.000101648785	60	52	8
7760	0.000035007365	12	7	5
115196	0.000011948815	2	2	0
59277	0.000022520761	19	13	6
60385	0.000032426541	13	9	4
5375	0.000021303559	7	5	2
5348	0.000020496527	10	4	6
11183	0.000025759278	29	8	21
27242	0.000091170436	11	7	4
375260	0.000043304084	5	4	1
83849	0.000014468382	2	2	0
16969	0.000011549804	7	0	7
1056	0.000015427077	6	1	5
6480	0.000019592298	9	3	6
283208	0.000152749423	30	26	4
2589	0.000017896249	10	8	2
2913	0.000012777885	6	1	5
85363	0.000116435151	57	38	19
856423	0.000012972012	1	1	0
7873	0.000023278762	9	7	2
54987	0.000069559470	9	7	2
83752	0.000029495895	11	10	1
6678	0.000061576147	23	16	7
80907	0.000012963316	1	1	0
1438	0.000024655666	10	4	6
2253	0.000016342494	4	3	1
50865	0.000012037427	6	1	5
51231	0.000022871544	13	9	4
3936	0.000056525115	27	18	9
100131971	0.000014275950	6	6	0
51282	0.000102113659	55	25	30
55888	0.000039043974	16	11	5
25830	0.000019795017	8	5	3
10934	0.000019103240	15	5	10
93621	0.000131253448	43	32	11
23347	0.000035243371	29	25	4
214791	0.000012486327	1	1	0
55839	0.000020956190	17	9	8
79801	0.000082798032	53	44	9
58526	0.000020956998	7	6	1
140733	0.000012335312	2	2	0
677824	0.000011994584	1	1	0
170692	0.000011674794	1	1	0
3698	0.000019222652	10	9	1
3929	0.000033285600	19	8	11
3078	0.000019402778	4	2	2
56399	0.000011549804	12	0	12
2541472	0.000011549804	4	0	4
84141	0.000016632774	4	3	1
7484	0.000011824438	5	1	4
51478	0.000041537853	33	19	14
92017	0.000013228865	5	5	0
10587	0.000022486430	17	8	9
9205	0.000022269583	11	6	5
338917	0.000012331859	13	2	11
21985	0.000012892992	4	1	3
79257	0.000013387573	5	1	4
2048	0.000031996484	39	12	27
100350337	0.000014683203	2	2	0
26515	0.000029951469	8	5	3
9947	0.000031599727	10	2	8
9853	0.000048485544	20	18	2
284131	0.000012863318	12	1	11
9399	0.000026807908	9	6	3
114766	0.000011601525	1	1	0
66002	0.000012401402	4	2	2
85021	0.000072355337	30	25	5
116835	0.000016864934	11	6	5
139324	0.000081851818	17	14	3
4150	0.000019486835	20	9	11
209416	0.000011549804	13	0	13
159296	0.000015573953	4	2	2
1350	0.000012406596	16	2	14
3746	0.000028604848	10	2	8
6571	0.000016730538	6	6	0
7881	0.000046566230	17	14	3
421202	0.000011549804	2	0	2
116987	0.000019538576	12	8	4
2983	0.000027307444	34	7	27
124930	0.000023973024	9	7	2
1803	0.000025311635	21	4	17
79966	0.000038681720	6	6	0
254170	0.000013011034	9	2	7
26230	0.000021131460	9	9	0
100128525	0.000052392418	19	18	1
225	0.000015484999	4	3	1
339231	0.000037392954	9	8	1
84952	0.000030495709	6	6	0
64785	0.000137330798	34	28	6
9253	0.000144529551	30	23	7
51561	0.000012480055	7	1	6
8448	0.000019822221	10	5	5
79809	0.000015138134	2	2	0
256369	0.000075305315	15	15	0
139886	0.000013179745	4	4	0
8638	0.000024663822	11	10	1
51621	0.000022377138	14	7	7
59286	0.000044445280	31	17	14
29953	0.000012695362	3	2	1
9334	0.000120207880	22	22	0
518	0.000013343412	5	4	1
23031	0.000020080878	45	8	37
19349	0.000011549804	6	0	6
2982	0.000022232736	33	6	27
91368	0.000015348233	11	2	9
8416	0.000016535456	5	3	2
6649	0.000085869011	49	36	13
81831	0.000017886908	23	13	10
64418	0.000014627131	3	3	0
7515	0.000128926526	82	59	23
5150	0.000028247397	22	20	2
54853	0.000014526488	12	11	1
140461	0.000014519397	22	4	18
284355	0.000035763437	11	9	2
440093	0.000032484749	25	15	10
201595	0.000100821502	37	36	1
6442	0.000021897186	20	3	17
10725	0.000015339662	9	2	7
55329	0.000019743009	19	11	8
79745	0.000026857492	11	8	3
2247	0.000066462849	40	19	21
4680	0.000014301266	6	1	5
1087	0.000016761121	2	2	0
22350	0.000011549804	6	0	6
29915	0.000030885650	13	8	5
64422	0.000037326465	40	18	22
54108	0.000037851261	24	11	13
1028	0.000045263858	22	14	8
18750	0.000012892992	1	1	0
9768	0.000020408617	26	7	19
253943	0.000019713682	20	20	0
27289	0.000030479425	17	7	10
3321	0.000032211912	5	5	0
158399	0.000058613553	14	10	4
119559	0.000012797562	6	5	1
26036	0.000058540592	35	19	16
212	0.000016591870	14	3	11
64064	0.000069919812	30	24	6
155382	0.000011549804	3	0	3
644739	0.000012543085	1	1	0
56941	0.000029200659	18	17	1
51496	0.000011589791	15	1	14
55275	0.000056828491	17	14	3
253143	0.000030159411	17	17	0
254528	0.000011617139	2	1	1
221092	0.000067264301	56	51	5
51292	0.000016528517	7	4	3
3955	0.000011549804	6	0	6
5081	0.000028710010	19	7	12
474343	0.000011549804	22	0	22
144097	0.000021449649	13	11	2
57531	0.000022099871	50	5	45
192176	0.000026446932	5	5	0
856079	0.000012972012	1	1	0
53335	0.000054909669	33	20	13
439936	0.000012086978	1	1	0
71236	0.000012902051	1	1	0
583	0.000028333701	30	7	23
29109	0.000072077439	40	26	14
200350	0.000030605297	21	15	6
11123	0.000015575449	12	3	9
100653323	0.000011549804	4	0	4
57595	0.000025739033	15	9	6
130399	0.000019746561	7	3	4
55248	0.000021322718	14	13	1
74081	0.000011549804	12	0	12
689805	0.000011601525	1	1	0
23211	0.000056048588	23	22	1
4901	0.000018264727	6	3	3
84922	0.000021105691	3	3	0
5786	0.000039983570	20	13	7
170762	0.000011549804	21	0	21
55194	0.000013337535	3	2	1
26934	0.000011549804	41	0	41
10686	0.000011549804	3	0	3
4048	0.000041021290	26	20	6
54629	0.000017629317	24	1	23
1879	0.000012193335	12	1	11
222658	0.000018795110	8	8	0
281427	0.000011549804	3	0	3
55256	0.000070772318	19	12	7
51427	0.000015245837	5	3	2
55707	0.000035799368	29	15	14
56952	0.000063606202	26	17	9
94134	0.000023810483	8	8	0
91661	0.000034480575	11	9	2
401509	0.000015916999	1	1	0
51171	0.000036287172	31	19	12
29990	0.000015661305	8	3	5
53343	0.000026478357	22	9	13
493	0.000052508348	47	30	17
9118	0.000046909926	23	23	0
160851	0.000020848695	23	7	16
257068	0.000018214066	37	9	28
93	0.000103484169	35	26	9
176	0.000048089138	17	8	9
1187	0.000011674794	18	1	17
10750	0.000019895036	18	5	13
378	0.000047197526	48	35	13
49854	0.000027685178	15	15	0
2487	0.000011549804	8	0	8
3005	0.000061892559	35	28	7
22882	0.000037626746	15	9	6
1950	0.000052134875	22	11	11
66131	0.000011549804	28	0	28
127833	0.000023172097	7	3	4
79719	0.000049740167	18	6	12
820909	0.000011549804	1	0	1
163071	0.000033353377	13	5	8
1084	0.000011549804	6	0	6
80176	0.000029851996	22	9	13
79693	0.000055969679	8	8	0
10879	0.000016854215	7	4	3
23241	0.000020786033	14	10	4
119392	0.000062471510	15	14	1
23753	0.000020897387	27	18	9
284751	0.000018316215	8	6	2
2650	0.000012168602	7	2	5
2230	0.000028103516	15	9	6
79804	0.000011549804	2	0	2
5440	0.000061182511	42	27	15
203523	0.000087546054	5	4	1
342096	0.000251945097	42	41	1
23379	0.000035310774	20	17	3
474344	0.000013495895	4	3	1
1620	0.000072672105	31	26	5
1908	0.000020098549	5	3	2
2764	0.000025484879	23	8	15
4593	0.000025992982	6	3	3
64943	0.000019143847	12	9	3
51659	0.000053359508	19	13	6
58527	0.000017281185	5	5	0
283489	0.000057051995	35	28	7
2246	0.000027842912	26	5	21
39203	0.000011549804	1	0	1
100287902	0.000034900876	3	3	0
353274	0.000015467283	5	5	0
57530	0.000044403905	29	23	6
1534	0.000012259741	10	2	8
5612	0.000041943042	19	13	6
255027	0.000011589791	2	1	1
84947	0.000013099344	3	2	1
9829	0.000024115565	8	7	1
6035	0.000015335779	3	1	2
26038	0.000026969611	16	6	10
92822	0.000017694506	6	5	1
5992	0.000013649359	4	2	2
94086	0.000014766200	12	3	9
23239	0.000025059944	30	17	13
56901	0.000013237663	15	1	14
4245	0.000040348701	16	15	1
10678	0.000011863914	29	1	28
63929	0.000022016620	8	7	1
9103	0.000029697829	12	12	0
1490006	0.000012663177	5	1	4
84153	0.000051376162	11	11	0
7884	0.000017302985	12	7	5
3904	0.000011549804	5	0	5
55916	0.000029147876	24	14	10
100526737	0.000026850374	11	11	0
8618	0.000029379844	39	13	26
7699	0.000013971663	5	3	2
55024	0.000018245866	5	2	3
10243	0.000092080028	32	16	16
20384	0.000012282005	1	1	0
68197	0.000012963316	1	1	0
11167	0.000017374761	17	5	12
57648	0.000034428462	19	17	2
39753	0.000011549804	1	0	1
2137	0.000032262629	18	11	7
90441	0.000089510697	48	33	15
51130	0.000026856669	39	9	30
9350	0.000011549804	10	0	10
245972	0.000045340595	21	14	7
90007	0.000019816521	7	7	0
1237	0.000023465623	5	2	3
7786	0.000056662097	24	17	7
84335	0.000045922333	17	15	2
4660	0.000030006093	25	22	3
12125	0.000011549804	6	0	6
15902	0.000011549804	8	0	8
392307	0.000162253126	10	9	1
55748	0.000065898304	44	23	21
51305	0.000013108053	8	2	6
64857	0.000027019667	10	7	3
6450	0.000014627346	2	2	0
422169	0.000011549804	1	0	1
55333	0.000080086222	26	19	7
9209	0.000035088118	41	39	2
64834	0.000012185721	11	6	5
168620	0.000016345554	4	3	1
90249	0.000013122787	3	1	2
9423	0.000024788029	6	4	2
255104	0.000015834441	2	2	0
54518	0.000042622290	19	13	6
54106	0.000023773597	24	6	18
5817	0.000045486765	29	7	22
7920	0.000030467908	34	16	18
161742	0.000117880270	37	33	4
56204	0.000016456576	8	6	2
79631	0.000026300653	30	17	13
84631	0.000013316597	1	1	0
5029	0.000023126208	10	6	4
2703361	0.000011611955	1	1	0
11138	0.000015072231	5	4	1
12468	0.000011549804	19	0	19
6318	0.000049328321	26	23	3
883	0.000028706581	10	6	4
148327	0.000019184048	9	4	5
12345	0.000013314376	2	2	0
3266	0.000011549804	5	0	5
85409	0.000030193375	19	7	12
51566	0.000058200672	27	20	7
26155	0.000130865958	72	56	16
65220	0.000027626534	16	11	5
56606	0.000011549804	1	0	1
3811	0.000020651253	18	10	8
2245	0.000018085351	17	4	13
2001	0.000014247056	9	3	6
83714	0.000023858339	7	7	0
8516	0.000034123918	12	12	0
874	0.000022603312	18	9	9
148413	0.000013583084	4	4	0
57553	0.000033239569	25	24	1
84916	0.000044040273	28	24	4
26754	0.000016264113	3	3	0
136319	0.000082243563	41	23	18
22864	0.000023428347	27	10	17
854553	0.000011549804	1	0	1
81671	0.000023706159	11	11	0
153129	0.000046923232	17	14	3
7367	0.000090056429	22	21	1
339230	0.000027797776	12	12	0
59008	0.000016438711	19	3	16
5830	0.000095350031	98	33	65
11146	0.000055460642	35	27	8
1663	0.000023975380	14	7	7
26750	0.000017539983	8	5	3
22932	0.000016421991	3	2	1
124446	0.000016832465	6	6	0
66922	0.000021869748	5	5	0
90637	0.000029527856	7	7	0
5003	0.000011549804	1	0	1
9022	0.000027038447	24	10	14
6728	0.000102933479	22	14	8
7289	0.000013824079	12	3	9
23533	0.000015915823	11	1	10
22944	0.000014547388	11	5	6
23207	0.000016583882	6	3	3
27173	0.000021901381	12	10	2
3783704	0.000017895719	3	2	1
282679	0.000011549804	1	0	1
55095	0.000029795568	15	14	1
26223	0.000013194910	5	1	4
57706	0.000023486714	13	13	0
12704	0.000011549804	8	0	8
10497	0.000018154002	18	5	13
537	0.000027865458	30	26	4
57515	0.000033616883	18	14	4
67857	0.000013883560	33	1	32
55225	0.000012569041	3	2	1
5354	0.000037358305	33	10	23
64651	0.000016903619	10	7	3
19385	0.000015485670	20	1	19
84299	0.000026920279	16	12	4
76464	0.000011549804	12	0	12
8518	0.000078843884	72	42	30
55757	0.000023693313	10	9	1
154807	0.000043215805	19	19	0
54850	0.000030768488	40	14	26
2703462	0.000013855929	3	2	1
10466	0.000047203388	25	20	5
856731	0.000018978179	4	3	1
114991	0.000032116885	12	11	1
83786	0.000042885140	9	7	2
10346	0.000026709672	11	6	5
57396	0.000032601523	21	10	11
27092	0.000012093774	17	1	16
57380	0.000020643891	14	13	1
3047	0.000014586365	11	7	4
127733	0.000012460339	6	1	5
57661	0.000030505436	15	12	3
64232	0.000011753654	1	1	0
7570	0.000016262258	20	4	16
686	0.000031316271	13	13	0
57556	0.000032747282	13	12	1
11092	0.000021884456	14	3	11
78999	0.000013323832	15	2	13
63904	0.000039870027	19	13	6
29080	0.000041921095	22	13	9
3060	0.000014824689	4	1	3
7070	0.000033942842	29	15	14
632	0.000043959017	7	7	0
387923	0.000251967086	17	17	0
51665	0.000019677669	20	3	17
312	0.000033737962	9	7	2
51455	0.000059211041	25	16	9
9806	0.000018621127	3	2	1
50859	0.000027941394	4	2	2
116211	0.000021550900	7	7	0
54549	0.000014332389	5	4	1
400673	0.000065133338	18	17	1
10219	0.000012218585	5	1	4
5076	0.000044374738	25	9	16
4669	0.000020344761	14	11	3
11276	0.000044257552	16	15	1
100506736	0.000012049054	2	2	0
29082	0.000068027084	43	21	22
6414	0.000019582987	5	5	0
22980	0.000038378407	20	17	3
2653	0.000023995409	22	7	15
27243	0.000058171353	50	29	21
3800	0.000074314438	30	25	5
19173	0.000011549804	62	0	62
317719	0.000017315140	2	2	0
1585	0.000020882791	8	2	6
1292	0.000022523946	15	10	5
71458	0.000016779130	3	2	1
5531	0.000084877910	71	33	38
8226	0.000034277126	13	8	5
80213	0.000019540771	16	8	8
7263	0.000063862284	14	12	2
8905	0.000047604198	33	14	19
6574	0.000025636061	10	8	2
27148	0.000022481953	14	7	7
84640	0.000013068339	11	2	9
84572	0.000021972644	14	14	0
1392	0.000012502082	15	1	14
55423	0.000011549804	4	0	4
83692	0.000045180354	19	19	0
916	0.000072845180	38	21	17
159686	0.000043870675	12	9	3
23369	0.000022406446	19	11	8
60676	0.000020485439	5	4	1
407823	0.000011549804	4	0	4
7862	0.000053602231	35	22	13
16452	0.000011549804	3	0	3
145389	0.000011589791	10	1	9
55503	0.000024649964	23	11	12
60343	0.000021309918	9	5	4
4490	0.000011762617	5	1	4
29122	0.000022297329	22	6	16
225164	0.000013122787	33	1	32
64006	0.000027395359	9	5	4
55295	0.000034259241	28	23	5
285908	0.000078507237	32	23	9
54952	0.000011690030	4	1	3
81035	0.000021127820	14	13	1
2016	0.000012363299	8	1	7
286749	0.000026812115	18	7	11
9374	0.000026424636	27	13	14
65056	0.000028826208	22	17	5
22	0.000039451546	25	14	11
2946	0.000012255092	6	2	4
2703359	0.000024886048	3	3	0
84274	0.000023743510	5	5	0
2824	0.000016255614	11	10	1
115548	0.000025574250	21	20	1
3290	0.000023526353	14	2	12
89944	0.000020582546	13	12	1
256435	0.000025719212	8	2	6
4902	0.000027768670	3	3	0
7399	0.000016417199	4	4	0
10536	0.000026780650	15	12	3
143279	0.000013833941	3	3	0
852305	0.000012972012	4	1	3
54836	0.000011890274	4	1	3
225689	0.000016821068	23	6	17
348262	0.000026357757	7	7	0
5288	0.000011549804	1	0	1
5106	0.000059763297	39	21	18
669	0.000055591598	30	18	12
4352	0.000045324081	10	5	5
54437	0.000023381184	9	9	0
51499	0.000041133572	11	9	2
439935	0.000117572000	2	1	1
201456	0.000012690536	8	1	7
54221	0.000022658924	7	6	1
3985	0.000037068425	35	9	26
1482	0.000027189091	28	15	13
115703	0.000015711005	4	2	2
65251	0.000012822454	3	2	1
83953	0.000011549804	1	0	1
11188	0.000015536008	10	6	4
284837	0.000027258721	6	5	1
98985	0.000011549804	9	0	9
6750	0.000023584936	7	3	4
6755	0.000082553062	8	7	1
135293	0.000096262892	30	28	2
7114	0.000090082977	53	38	15
20226	0.000012892992	9	1	8
55827	0.000051037642	36	25	11
23140	0.000090925709	35	32	3
8550	0.000067839291	32	21	11
234699	0.000011549804	20	0	20
6482	0.000034006817	17	11	6
3662	0.000020311310	30	4	26
10481	0.000023468487	16	13	3
2523	0.000015646807	7	3	4
23071	0.000029994216	46	18	28
54754	0.000044498407	18	13	5
1271	0.000013512367	16	2	14
6100	0.000025630824	14	7	7
129450	0.000031220696	10	9	1
65094	0.000018321365	9	9	0
851810	0.000026886592	7	5	2
26160	0.000017969032	7	5	2
22084	0.000011549804	2	0	2
55915	0.000024817251	15	13	2
22931	0.000040522359	21	19	2
7096	0.000019024066	9	5	4
11201	0.000023192360	20	6	14
4618	0.000020975164	11	6	5
55629	0.000111548171	23	14	9
18140	0.000031819673	5	4	1
853333	0.000012972012	1	1	0
80346	0.000028836604	12	11	1
1363	0.000015522581	25	5	20
9832	0.000041727271	20	9	11
5996	0.000025406118	13	6	7
10468	0.000028295261	17	5	12
653	0.000014993268	5	2	3
5589	0.000080786164	57	30	27
121260	0.000026271410	6	5	1
3720	0.000019137738	20	9	11
121536	0.000042943472	25	17	8
51061	0.000067720436	44	32	12
54633	0.000011549804	24	0	24
60592	0.000044321175	18	15	3
57480	0.000021733612	15	15	0
80772	0.000020203631	7	2	5
1485	0.000014971359	22	1	21
3360	0.000029911893	14	8	6
5207	0.000036422565	17	8	9
5209	0.000025004684	19	13	6
728386	0.000011752301	1	1	0
54980	0.000016160470	6	5	1
9265	0.000029699911	17	9	8
374407	0.000050238098	10	10	0
94039	0.000021514159	13	7	6
65082	0.000068572740	24	19	5
11000	0.000015215110	7	7	0
23064	0.000047012060	27	23	4
80333	0.000043425418	18	9	9
201292	0.000027524915	14	12	2
5101	0.000014532315	11	10	1
338412	0.000014820807	5	3	2
388474	0.000011549804	1	0	1
494143	0.000015402576	5	3	2
15525	0.000012682155	1	1	0
135114	0.000014314269	4	3	1
147808	0.000024248264	9	8	1
76108	0.000019808881	3	3	0
64184	0.000024763367	7	5	2
3458	0.000013288206	9	1	8
6609	0.000024214483	13	8	5
11101	0.000037597795	14	12	2
11807	0.000011753654	1	1	0
22795	0.000040846934	34	23	11
4101	0.000019476852	13	3	10
55196	0.000017041577	6	5	1
51702	0.000020751844	12	8	4
9927	0.000023675200	13	8	5
54622	0.000018771343	17	3	14
9990	0.000031336806	9	9	0
12168	0.000016476868	2	2	0
10370	0.000022488076	22	8	14
200539	0.000017185389	2	1	1
401190	0.000011752301	3	1	2
8787	0.000021763926	8	5	3
56141	0.000013177216	3	2	1
6284	0.000026112029	15	8	7
63958	0.000011549804	2	0	2
54910	0.000032019997	28	19	9
90557	0.000014163116	4	3	1
392255	0.000011549804	5	0	5
26298	0.000085189654	7	3	4
1474	0.000068375879	18	17	1
284688	0.000039538652	5	5	0
70675	0.000011549804	7	0	7
8633	0.000024463358	5	5	0
254173	0.000065116565	17	16	1
114784	0.000011601710	6	1	5
66895	0.000011549804	14	0	14
79862	0.000025066390	18	10	8
65979	0.000035737827	20	19	1
1447	0.000051017341	27	18	9
51032	0.000012705484	17	1	16
622	0.000025707314	14	12	2
2209	0.000021059747	15	6	9
72114	0.000013394227	2	2	0
536654	0.000013802358	2	2	0
5924	0.000056085092	6	3	3
4922	0.000033579425	10	5	5
643677	0.000016292831	2	2	0
84263	0.000018639082	16	12	4
494119	0.000158410950	27	27	0
56000	0.000018742140	9	6	3
3196	0.000013638561	12	1	11
10626	0.000020655511	18	10	8
3049	0.000021224070	5	2	3
317671	0.000017675581	1	1	0
84505	0.000011549804	8	0	8
146439	0.000019656231	4	3	1
55506	0.000028411121	22	19	3
55117	0.000019246168	5	5	0
23630	0.000013202817	3	1	2
347516	0.000255273480	32	31	1
125476	0.000053177027	23	20	3
83442	0.000016844559	7	3	4
93100	0.000067541814	33	19	14
84938	0.000012822569	10	1	9
84838	0.000120080694	29	23	6
11279	0.000018596332	15	5	10
7004	0.000025872799	56	13	43
91404	0.000043103212	16	14	2
3579	0.000045883786	32	12	20
1718	0.000020431407	20	12	8
113510	0.000030928190	11	5	6
100137657	0.000011549804	1	0	1
6196	0.000086771181	46	30	16
55088	0.000018316879	8	8	0
79369	0.000030491702	10	7	3
283871	0.000018753603	4	3	1
163702	0.000013856452	3	1	2
7177	0.000017384528	2	2	0
285180	0.000019023883	5	3	2
25012	0.000011549804	4	0	4
850317	0.000012972012	1	1	0
84920	0.000029559728	16	15	1
374	0.000017011582	13	4	9
23264	0.000017707664	10	9	1
55731	0.000051733570	34	18	16
112483	0.000026247409	13	5	8
57186	0.000025882633	5	4	1
25880	0.000018316902	10	10	0
6258	0.000098904079	36	26	10
644903	0.000019618339	4	4	0
157638	0.000055774572	21	17	4
9429	0.000022036630	19	19	0
9826	0.000080965425	32	27	5
69654	0.000012963316	20	1	19
125965	0.000019321097	18	5	13
222068	0.000050190094	22	22	0
100506658	0.000054293130	33	15	18
2206	0.000022203142	10	4	6
79830	0.000034582625	21	21	0
84871	0.000012024780	1	1	0
126374	0.000017103237	10	5	5
51260	0.000031911032	18	8	10
410	0.000048685625	30	8	22
196264	0.000013479576	2	1	1
55558	0.000049828109	44	43	1
5798	0.000076762700	15	10	5
23529	0.000027072142	3	3	0
627	0.000023910974	20	9	11
16706	0.000011549804	8	0	8
727837	0.000018458999	4	4	0
414664	0.000012669680	1	1	0
84908	0.000018258765	4	4	0
58480	0.000024634410	8	6	2
254359	0.000026461109	4	3	1
3294	0.000019376253	26	11	15
291081	0.000016172364	2	2	0
1635	0.000012199869	26	2	24
401	0.000016381418	12	4	8
8929	0.000013315789	2	1	1
55672	0.000027444265	3	3	0
285172	0.000046851244	6	5	1
29101	0.000067590854	31	16	15
28299	0.000014808034	3	3	0
29062	0.000024866668	16	13	3
124961	0.000013241668	1	1	0
3149	0.000047557678	31	13	18
91869	0.000021523451	19	19	0
18176	0.000018057015	3	3	0
81633	0.000011549804	1	0	1
57626	0.000040570618	8	4	4
100271849	0.000015614496	4	2	2
79101	0.000023879739	48	7	41
85358	0.000055671213	27	21	6
162461	0.000016288995	15	5	10
23283	0.000045556743	36	21	15
11135	0.000023553822	19	11	8
116931	0.000025064427	13	11	2
64900	0.000013255749	3	3	0
3232	0.000015697681	8	4	4
89858	0.000041058264	4	4	0
1747	0.000011549804	3	0	3
64926	0.000057319676	27	24	3
29115	0.000076150336	50	45	5
139628	0.000019355797	37	3	34
1112	0.000016018684	10	5	5
25983	0.000029250664	14	11	3
91754	0.000074053259	37	30	7
20965	0.000012892992	1	1	0
81030	0.000023784807	21	10	11
6444	0.000014787034	11	3	8
132720	0.000022225696	9	9	0
27128	0.000023508609	20	11	9
101059918	0.000012658274	2	2	0
57404	0.000012934453	3	2	1
58499	0.000023331638	8	7	1
375484	0.000026996583	15	9	6
79053	0.000012924230	9	6	3
65996	0.000011771923	1	1	0
3385	0.000026713085	11	5	6
83741	0.000060716426	58	33	25
3783763	0.000013218402	5	2	3
339403	0.000011549804	2	0	2
85019	0.000012183347	3	2	1
90133	0.000013917963	4	3	1
10395	0.000037296089	17	9	8
19357	0.000011549804	11	0	11
166793	0.000048108694	15	10	5
84808	0.000016269935	3	2	1
5276	0.000014907214	8	3	5
2215	0.000015317464	20	3	17
28916	0.000014701276	8	5	3
116674	0.000014152806	1	1	0
9502	0.000017357932	8	5	3
98366	0.000013372753	11	1	10
727787	0.000014885799	1	1	0
51575	0.000030314047	28	21	7
5738	0.000026516199	14	12	2
70925	0.000011549804	17	0	17
26398	0.000012559384	1	1	0
346171	0.000028405172	9	5	4
56270	0.000050915960	13	12	1
81688	0.000013710814	3	3	0
25938	0.000018077095	5	2	3
56956	0.000016656096	12	3	9
6346	0.000018452808	2	1	1
644619	0.000011549804	7	0	7
10024	0.000030030276	33	16	17
125875	0.000031968708	3	2	1
276	0.000027656903	8	4	4
90268	0.000028891972	17	10	7
27433	0.000015021666	4	3	1
140606	0.000024060598	11	6	5
80742	0.000086689729	30	25	5
83733	0.000024080826	7	3	4
26022	0.000019954835	4	4	0
23040	0.000014627230	5	2	3
54956	0.000031006478	26	9	17
9382	0.000030713482	21	16	5
8836	0.000021574528	24	12	12
67030	0.000019808881	6	3	3
11232	0.000014835421	9	2	7
5428	0.000014367372	6	5	1
51657	0.000017595737	10	2	8
166614	0.000014206799	5	3	2
8618918	0.000011549804	1	0	1
200894	0.000014276777	21	4	17
162394	0.000018808319	5	5	0
112885	0.000013334324	12	2	10
9486	0.000012192947	11	3	8
90161	0.000023849405	8	8	0
10608	0.000024459536	8	6	2
10126	0.000037956666	16	4	12
79738	0.000046234402	17	14	3
22594	0.000011549804	1	0	1
60313	0.000037614136	8	7	1
9665	0.000022539272	13	12	1
237928	0.000011549804	7	0	7
56376	0.000011549804	23	0	23
855903	0.000012972012	1	1	0
152503	0.000031156446	17	10	7
150864	0.000037508615	14	13	1
8934	0.000015349638	7	3	4
57649	0.000038637717	16	9	7
15270	0.000012524181	3	1	2
2762	0.000048201443	29	16	13
6016	0.000037517811	18	12	6
5305	0.000046811501	25	19	6
57221	0.000014102859	12	10	2
5741	0.000027647183	8	6	2
9242	0.000024827292	10	7	3
680987	0.000011601525	1	1	0
6954	0.000015920094	3	2	1
9637	0.000030169638	21	6	15
79845	0.000015380018	8	2	6
5239	0.000020039795	10	3	7
116988	0.000016389711	7	6	1
55096	0.000023823110	9	6	3
6690	0.000054768012	6	6	0
79345	0.000011549804	1	0	1
7100	0.000034315528	6	6	0
10079	0.000025263154	18	15	3
152273	0.000020652974	5	3	2
92591	0.000021520409	24	5	19
294010	0.000011601525	1	1	0
81607	0.000024477759	18	2	16
51091	0.000021995565	7	6	1
3233	0.000032028083	21	7	14
148137	0.000035829268	11	9	2
57576	0.000033837652	10	7	3
68153	0.000011549804	11	0	11
9016	0.000012104644	2	2	0
146	0.000018222628	16	3	13
23285	0.000015970217	23	2	21
83658	0.000073986099	40	27	13
9064	0.000027676222	12	11	1
26503	0.000012317158	3	2	1
131831	0.000012031326	1	1	0
112849	0.000018062521	15	2	13
287	0.000067813072	31	17	14
285216	0.000030788995	16	10	6
26520	0.000086615097	27	19	8
159090	0.000027986090	13	13	0
90488	0.000028418067	17	17	0
10906	0.000028530703	14	12	2
23219	0.000045385476	34	24	10
100327257	0.000011549804	1	0	1
8604	0.000043098538	29	27	2
51127	0.000031267181	20	12	8
54765	0.000021756025	12	8	4
152789	0.000052360423	19	14	5
55508	0.000015542930	2	2	0
2947	0.000031285078	31	12	19
2949	0.000017554752	8	4	4
27232	0.000019658148	24	10	14
1182	0.000025627266	10	9	1
4493	0.000011765705	2	1	1
84901	0.000069832858	23	21	2
91526	0.000031487500	22	15	7
137695	0.000011917280	2	2	0
283078	0.000012645505	7	2	5
55975	0.000035064506	22	19	3
10763	0.000032065369	61	21	40
284680	0.000015688585	14	4	10
28966	0.000018227075	16	8	8
6693	0.000034281673	23	11	12
30000	0.000104427624	62	47	15
117150	0.000011549804	13	0	13
55004	0.000058808253	32	22	10
9238	0.000038532588	29	13	16
1945	0.000018163930	10	4	6
6349	0.000012816977	6	1	5
112724	0.000061797611	26	14	12
5569	0.000024919503	11	7	4
8825	0.000083644574	39	23	16
22873	0.000020537524	10	5	5
6662	0.000082358469	28	18	10
10999	0.000022916336	14	13	1
822	0.000023497164	22	8	14
170961	0.000013163568	8	3	5
56527	0.000013799666	1	1	0
286826	0.000031842897	26	14	12
162239	0.000095981740	30	26	4
7763	0.000093859939	18	11	7
374955	0.000011690030	1	1	0
3656	0.000043330568	38	14	24
1946	0.000018207653	18	3	15
2046	0.000033290119	13	7	6
55677	0.000026618364	33	18	15
23057	0.000014951445	10	1	9
64802	0.000090787510	39	32	7
83853	0.000015233697	6	2	4
55325	0.000022372276	11	11	0
4783	0.000021615034	24	10	14
269252	0.000011549804	14	0	14
4351	0.000056800909	26	13	13
203286	0.000022033623	6	5	1
1418	0.000011549804	3	0	3
269608	0.000011549804	1	0	1
162466	0.000021985315	8	4	4
22894	0.000034528423	42	18	24
11314	0.000012596249	2	1	1
554206	0.000083469290	5	5	0
728505	0.000012981410	4	1	3
10767	0.000036080394	27	22	5
339005	0.000214644854	52	49	3
221035	0.000017697266	6	5	1
57188	0.000013287151	13	2	11
51110	0.000032171926	20	7	13
64072	0.000016242624	6	5	1
9057	0.000011549804	1	0	1
22845	0.000035108652	12	10	2
59114	0.000011753654	1	1	0
51233	0.000016089583	8	1	7
5128	0.000034691423	31	15	16
516	0.000039800510	20	14	6
832208	0.000011549804	2	0	2
1236	0.000011549804	3	0	3
205	0.000013893169	16	4	12
10974	0.000013079291	2	2	0
9476	0.000021004390	9	3	6
26577	0.000013392881	6	2	4
7571	0.000017084088	17	5	12
7625	0.000012605518	3	1	2
51440	0.000046577219	15	10	5
10171	0.000021362024	20	19	1
63979	0.000016998550	12	4	8
55732	0.000016039875	14	7	7
414157	0.000190236680	15	12	3
17216	0.000013365427	9	1	8
3684	0.000039232952	27	12	15
9628	0.000012605518	9	1	8
124454	0.000012277270	2	2	0
9254	0.000019332702	9	9	0
339221	0.000053173832	8	8	0
81605	0.000151651008	38	25	13
246176	0.000108841763	30	29	1
196441	0.000067537430	48	30	18
445329	0.000018410909	4	3	1
54986	0.000028624147	4	2	2
80714	0.000071631044	33	27	6
283985	0.000035516477	19	13	6
567	0.000074470247	34	23	11
11142	0.000014283578	7	2	5
161502	0.000040498913	4	4	0
83874	0.000030222117	17	16	1
85415	0.000046830697	17	14	3
723790	0.000017873699	7	7	0
127247	0.000012605518	20	1	19
196074	0.000041679548	19	15	4
80222	0.000038347206	20	18	2
166012	0.000025307537	8	1	7
9168	0.000018458187	16	12	4
854295	0.000012972012	1	1	0
6542	0.000019071039	9	9	0
81532	0.000029521097	12	11	1
91543	0.000011549804	3	0	3
285676	0.000039254842	4	4	0
6405	0.000023751689	10	5	5
8828	0.000049354185	16	14	2
5055	0.000020913393	15	9	6
615849	0.000017020485	2	2	0
3914	0.000018753145	28	7	21
20924	0.000011549804	11	0	11
51060	0.000042175137	13	10	3
2559	0.000028093553	9	5	4
8797	0.000071577424	30	14	16
25816	0.000028363694	26	8	18
58190	0.000067420130	42	20	22
79034	0.000049515298	11	9	2
14113	0.000011549804	25	0	25
11097	0.000055398050	26	22	4
83990	0.000025553201	20	17	3
60386	0.000022887504	15	15	0
90070	0.000036813001	20	14	6
199953	0.000085302263	19	17	2
2045	0.000032551013	17	14	3
91156	0.000088985845	30	27	3
2012	0.000012112053	15	2	13
135656	0.000029821932	10	7	3
349565	0.000018508384	11	4	7
6664	0.000017519161	2	2	0
718	0.000116230977	47	34	13
56121	0.000011549804	25	0	25
55621	0.000064276308	33	24	9
554251	0.000019042514	2	2	0
53940	0.000012573005	5	1	4
201181	0.000064173965	11	10	1
84936	0.000168366735	45	43	2
2581	0.000029869409	12	8	4
10898	0.000044443129	22	14	8
5229	0.000063820918	10	10	0
55803	0.000021510604	11	6	5
196294	0.000011713548	2	1	1
5134	0.000051101625	38	22	16
55192	0.000027587841	14	9	5
855013	0.000011549804	1	0	1
89797	0.000051265760	13	11	2
8515	0.000011549804	1	0	1
8110	0.000013714535	25	1	24
79814	0.000060838961	17	14	3
93107	0.000033715907	6	3	3
51075	0.000026915988	18	14	4
852088	0.000018745195	3	3	0
25097	0.000011753654	2	1	1
127687	0.000021482926	6	4	2
23552	0.000014708174	31	4	27
17274	0.000011549804	4	0	4
391123	0.000042638684	22	22	0
8776	0.000019340539	9	9	0
5828	0.000019399055	13	4	9
55634	0.000011549804	15	0	15
2578	0.000011549804	2	0	2
90506	0.000025254022	21	2	19
2444	0.000024185312	12	9	3
9735	0.000034561973	18	16	2
288080	0.000011601525	1	1	0
14389	0.000021144033	5	2	3
57026	0.000013595132	6	5	1
144348	0.000011589791	1	1	0
54988	0.000011549804	1	0	1
221823	0.000014773446	13	6	7
3803	0.000016670632	5	3	2
7127	0.000012218052	4	2	2
8718	0.000023827998	10	3	7
64342	0.000018718792	7	6	1
9028	0.000015634215	15	3	12
394	0.000033838834	18	11	7
56994	0.000015129564	12	12	0
27141	0.000017900596	9	4	5
51209	0.000014376925	10	1	9
2832	0.000024208017	18	1	17
55554	0.000015915277	10	3	7
3174	0.000019315447	15	3	12
55330	0.000039531871	20	12	8
8120	0.000097239483	24	23	1
9874	0.000040022205	26	14	12
26556	0.000011549804	8	0	8
50814	0.000018099679	20	19	1
66385	0.000011549804	4	0	4
51142	0.000040937590	41	21	20
51228	0.000011589791	2	1	1
26507	0.000026310515	8	8	0
116848	0.000012969613	1	1	0
84502	0.000032787769	8	6	2
391723	0.000040637538	9	9	0
850637	0.000012972012	1	1	0
2205	0.000011549804	7	0	7
687	0.000014192794	4	2	2
51203	0.000050442269	32	19	13
10668	0.000015812762	29	7	22
489	0.000034532772	25	23	2
114879	0.000046218328	19	15	4
200916	0.000019094523	16	11	5
56311	0.000014645020	2	2	0
51604	0.000022433114	12	7	5
51179	0.000012817975	2	1	1
7062	0.000026080611	3	3	0
2823	0.000020726020	29	10	19
9929	0.000052993158	41	21	20
51626	0.000060008871	16	16	0
728758	0.000011994584	1	1	0
347365	0.000053909158	9	8	1
781	0.000034338870	28	25	3
3562	0.000018467932	11	3	8
4675	0.000036832608	6	4	2
113246	0.000032638108	13	6	7
3034	0.000067761841	21	19	2
90378	0.000040228407	38	15	23
26554	0.000011549804	42	0	42
1124	0.000016703883	17	2	15
817246	0.000013507485	1	1	0
270076	0.000012538857	1	1	0
8785	0.000027779875	10	5	5
51480	0.000012593652	7	2	5
79707	0.000040782301	25	25	0
57469	0.000011674794	1	1	0
5877	0.000092786310	37	21	16
9326	0.000051684872	27	25	2
55974	0.000017799388	4	4	0
79639	0.000011549804	1	0	1
20399	0.000012599718	1	1	0
200933	0.000029523804	17	12	5
52609	0.000011549804	17	0	17
126308	0.000014670604	10	4	6
26595	0.000011549804	1	0	1
84976	0.000014874275	2	2	0
388969	0.000143239753	20	13	7
90865	0.000121612713	18	14	4
79640	0.000013400262	4	2	2
28962	0.000017052206	12	8	4
51491	0.000036171727	23	22	1
150094	0.000040128644	17	9	8
4537	0.000017469967	11	6	5
221527	0.000017702022	5	3	2
654346	0.000079271284	26	7	19
117600	0.000014143111	1	1	0
130872	0.000013089430	3	2	1
730394	0.000019400388	11	4	7
64699	0.000031136898	5	3	2
10083	0.000044778571	15	7	8
136371	0.000033660481	27	4	23
164237	0.000014161706	3	3	0
23341	0.000014443524	6	6	0
7483	0.000011549804	1	0	1
84181	0.000027135150	16	14	2
144132	0.000016026898	6	6	0
55181	0.000038483335	13	13	0
212733	0.000070944267	16	13	3
58157	0.000029118263	15	9	6
963	0.000035742419	22	14	8
79574	0.000017872246	6	3	3
10776	0.000032014536	10	7	3
90199	0.000012972012	1	1	0
23233	0.000023357775	11	8	3
114818	0.000013582137	12	2	10
3552	0.000011549804	17	0	17
10335	0.000015612405	3	3	0
10622	0.000042981001	12	12	0
2584	0.000032606203	17	12	5
25957	0.000046160912	20	19	1
51290	0.000015533593	9	9	0
84875	0.000034558519	19	13	6
9715	0.000012588444	3	3	0
54141	0.000011549804	10	0	10
921	0.000068380410	28	18	10
3631	0.000017895550	11	7	4
27012	0.000011549804	2	0	2
12702	0.000011549804	2	0	2
56996	0.000022151060	10	10	0
144100	0.000041554431	23	19	4
64080	0.000028448856	20	13	7
23505	0.000020546842	17	15	2
2492	0.000033873247	22	5	17
4550	0.000013267978	1	1	0
1527	0.000011868356	4	1	3
92667	0.000021667418	9	9	0
79158	0.000037066694	20	18	2
66222	0.000011549804	3	0	3
22843	0.000018637564	9	5	4
144455	0.000028804695	7	6	1
1724714	0.000012972012	3	1	2
69010	0.000011549804	28	0	28
23187	0.000014056499	9	9	0
220594	0.000011549804	8	0	8
374454	0.000102912209	21	21	0
856044	0.000012972012	1	1	0
81617	0.000026909262	9	6	3
10423	0.000030652157	28	18	10
381591	0.000012249679	1	1	0
93587	0.000029296466	14	8	6
3760	0.000015674046	9	3	6
317781	0.000021367036	13	13	0
79414	0.000025305923	14	14	0
71091	0.000014615762	2	2	0
221409	0.000043172666	7	6	1
152225	0.000024772551	3	3	0
16453	0.000014339385	2	2	0
230866	0.000011549804	8	0	8
9687	0.000033450607	11	11	0
170482	0.000023250677	4	3	1
4594	0.000037325023	24	15	9
81504	0.000015253629	3	2	1
854336	0.000011549804	1	0	1
692088	0.000011972613	1	1	0
8545	0.000044092909	25	16	9
7737	0.000040772457	17	17	0
9518	0.000024817301	12	9	3
11350	0.000012327795	1	1	0
116039	0.000012455874	3	2	1
79893	0.000023592210	4	4	0
27288	0.000064478336	10	9	1
158521	0.000011549804	8	0	8
258	0.000011549804	1	0	1
29070	0.000012959668	7	2	5
377047	0.000011549804	2	0	2
79913	0.000031425434	41	12	29
158511	0.000012731181	3	2	1
6366	0.000032222928	14	10	4
78991	0.000012773065	5	5	0
1119	0.000016205125	12	3	9
64221	0.000093426880	10	8	2
221477	0.000011570747	3	1	2
79042	0.000045814386	17	14	3
92815	0.000027788665	18	14	4
23150	0.000011891214	3	1	2
291969	0.000011601525	1	1	0
90701	0.000035141731	6	6	0
55167	0.000052461993	25	13	12
83638	0.000027495963	13	9	4
92106	0.000011549804	5	0	5
23321	0.000061540576	34	26	8
56776	0.000022191375	6	6	0
14633	0.000011549804	1	0	1
54492	0.000011549804	2	0	2
54485	0.000016462131	1	1	0
23139	0.000050678197	26	15	11
1429	0.000054579920	27	16	11
9755	0.000018994331	15	7	8
12043	0.000011549804	1	0	1
219699	0.000015161375	10	5	5
26904	0.000011549804	3	0	3
23500	0.000014009810	11	3	8
10309	0.000018168203	9	9	0
91833	0.000035923706	29	18	11
5091	0.000096903235	59	45	14
131616	0.000031444895	11	8	3
28882	0.000011549804	1	0	1
716	0.000022998850	8	6	2
491	0.000041205895	38	27	11
86614	0.000052178984	21	13	8
90874	0.000018499948	12	6	6
137196	0.000028101101	8	3	5
54509	0.000016836838	11	10	1
58496	0.000015584439	6	6	0
89122	0.000021215804	7	5	2
15463	0.000012762046	1	1	0
2620	0.000013670874	5	1	4
51094	0.000017089954	13	10	3
55622	0.000027598438	28	16	12
67938	0.000012963316	1	1	0
13589	0.000011549804	23	0	23
9776	0.000032112473	17	12	5
25994	0.000021129622	17	13	4
56729	0.000014164170	4	2	2
400	0.000033867517	24	17	7
149420	0.000015275098	5	3	2
79691	0.000018892667	6	4	2
2674	0.000018850408	6	2	4
9650	0.000020777650	16	14	2
84259	0.000033213449	30	14	16
23052	0.000024238524	12	12	0
28396	0.000014616933	3	2	1
58472	0.000033416128	24	24	0
57491	0.000013380422	5	1	4
55534	0.000065219892	17	14	3
125919	0.000012571181	4	2	2
5644	0.000069389082	28	23	5
344658	0.000073598643	11	7	4
286	0.000052387821	21	11	10
84224	0.000016341425	5	2	3
51195	0.000012606873	3	2	1
51348	0.000011549804	5	0	5
10307	0.000012170907	9	2	7
79048	0.000017623856	7	6	1
65137	0.000011549804	1	0	1
57654	0.000018731501	13	6	7
29072	0.000026576839	26	19	7
340543	0.000012892390	4	1	3
14252	0.000011549804	56	0	56
6398	0.000011549804	1	0	1
84725	0.000019842421	8	6	2
10322	0.000014521190	4	4	0
10998	0.000012671709	3	2	1
100134230	0.000011549804	1	0	1
26406	0.000014383538	1	1	0
134510	0.000029633365	9	8	1
729362	0.000016670303	10	10	0
29967	0.000019670373	9	6	3
55750	0.000020873550	19	17	2
10578	0.000011549804	1	0	1
131405	0.000016389469	7	5	2
23062	0.000043897671	40	18	22
1565	0.000022567272	5	3	2
284306	0.000015269957	2	2	0
51778	0.000041197552	19	14	5
27237	0.000022702431	10	7	3
29889	0.000100572661	39	37	2
388333	0.000032309667	10	10	0
729447	0.000023565651	3	3	0
1355	0.000011686849	12	1	11
116729	0.000038436083	9	9	0
139562	0.000036103787	17	9	8
5818	0.000020645882	7	5	2
55727	0.000012113244	2	2	0
55785	0.000023285001	15	13	2
1608	0.000012861676	17	3	14
200558	0.000024870038	35	8	27
94009	0.000013529648	4	4	0
201299	0.000029510911	7	4	3
56851	0.000034135383	37	21	16
196527	0.000016682995	10	10	0
56458	0.000014459699	2	2	0
2898	0.000026292114	23	6	17
29542	0.000025132862	4	3	1
28989	0.000044404184	22	12	10
54101	0.000024339521	15	9	6
1003	0.000037959456	23	7	16
146862	0.000011972613	4	1	3
2703416	0.000019663084	11	4	7
498407	0.000011601525	1	1	0
613212	0.000361706197	22	22	0
51018	0.000042439078	27	20	7
375748	0.000030287987	4	4	0
9934	0.000011549804	3	0	3
23152	0.000019324233	22	12	10
6845	0.000033474806	24	10	14
5362	0.000025786929	16	9	7
9828	0.000027133105	17	17	0
150928	0.000011549804	1	0	1
129804	0.000011549804	5	0	5
13358	0.000012963316	1	1	0
51056	0.000038351003	34	14	20
3263	0.000027712804	9	6	3
220965	0.000034139176	16	11	5
3705	0.000018240218	14	5	9
136306	0.000011710395	1	1	0
6570	0.000011549804	14	0	14
55160	0.000014228263	5	2	3
5075	0.000011549804	2	0	2
389549	0.000181393745	9	9	0
3257	0.000014437950	8	1	7
27445	0.000026524376	7	6	1
4542	0.000017304189	9	7	2
646817	0.000015469488	7	2	5
343637	0.000067522336	14	12	2
9503	0.000022791965	5	4	1
23360	0.000019177937	15	10	5
91614	0.000029021872	10	9	1
19763	0.000011549804	26	0	26
6546	0.000020401083	10	4	6
70012	0.000011549804	4	0	4
56977	0.000012637982	2	2	0
168455	0.000014785450	6	6	0
2694	0.000027821569	5	3	2
208518	0.000011549804	35	0	35
57513	0.000015956252	5	4	1
501222	0.000011601525	1	1	0
643836	0.000014878582	2	2	0
5158	0.000036086789	22	21	1
51285	0.000016392960	13	6	7
55638	0.000036395035	14	13	1
90809	0.000021648459	13	10	3
56954	0.000020400467	24	5	19
56136	0.000011601710	1	1	0
22343	0.000014398326	23	2	21
1606	0.000030419211	23	5	18
27098	0.000011549804	1	0	1
9270	0.000031132143	15	8	7
4249	0.000019880936	11	11	0
22142	0.000035416514	12	9	3
9935	0.000017346033	15	3	12
57804	0.000051096184	21	11	10
339745	0.000019569884	5	5	0
339451	0.000027654798	6	5	1
23642	0.000012594965	3	3	0
55843	0.000089782291	8	4	4
51181	0.000059896116	17	11	6
854198	0.000011549804	2	0	2
148789	0.000048058069	9	9	0
23578	0.000021178540	5	2	3
255758	0.000025918912	7	7	0
747	0.000011890463	11	3	8
852092	0.000012972012	1	1	0
10137	0.000064693294	33	22	11
11283	0.000012224707	29	1	28
136	0.000018782455	7	3	4
20773	0.000011549804	11	0	11
9371	0.000059087952	24	22	2
8738	0.000038709952	25	9	16
19166	0.000011753654	6	1	5
7296	0.000113582760	43	33	10
7634	0.000012076554	10	1	9
283459	0.000046025159	10	8	2
54576	0.000026435708	23	16	7
55074	0.000024183228	10	9	1
57715	0.000026323428	9	8	1
388552	0.000045567478	19	10	9
100381270	0.000013525639	4	4	0
9453	0.000038100944	18	9	9
10210	0.000062432594	56	21	35
19339	0.000012892992	2	1	1
11938	0.000011549804	31	0	31
83503	0.000015872024	1	1	0
11237	0.000043070129	5	3	2
3364	0.000062802136	44	20	24
282808	0.000015306495	10	2	8
80034	0.000011717050	1	1	0
962	0.000034394554	10	9	1
25989	0.000017819587	7	3	4
91893	0.000056266348	8	7	1
29797	0.000014664111	13	4	9
222008	0.000011549804	2	0	2
854188	0.000012127724	1	1	0
3327	0.000032682516	15	14	1
642273	0.000013753755	5	3	2
92002	0.000017979714	15	7	8
57536	0.000036622649	41	23	18
23038	0.000029052417	15	13	2
9644	0.000045563164	21	21	0
27253	0.000018496720	6	4	2
10671	0.000052583628	26	23	3
171024	0.000032839052	21	11	10
554	0.000015312699	18	3	15
79977	0.000020345405	8	6	2
23464	0.000026763734	21	6	15
169166	0.000027754298	2	2	0
7584	0.000026475638	33	12	21
9753	0.000039519859	25	6	19
10560	0.000017421645	9	7	2
8323	0.000031441286	11	10	1
142940	0.000019850385	5	4	1
84690	0.000013460259	5	3	2
23597	0.000038832629	20	20	0
10558	0.000039433636	32	27	5
171546	0.000055892119	13	8	5
650	0.000069922230	22	12	10
2907	0.000013241309	5	1	4
229279	0.000012249679	31	1	30
3909	0.000027996203	23	11	12
112942	0.000018174073	3	3	0
57505	0.000022924061	18	17	1
54913	0.000029134813	33	14	19
114900	0.000036645237	3	3	0
9955	0.000030818239	9	7	2
5617	0.000014825229	7	3	4
10874	0.000028423502	20	10	10
54436	0.000013969782	1	1	0
26030	0.000019305385	22	22	0
1576	0.000027984413	21	7	14
17196	0.000016563218	30	3	27
4355	0.000021285368	10	8	2
11131	0.000015452029	6	2	4
52432	0.000014355292	17	3	14
54342	0.000011549804	9	0	9
58512	0.000047840289	21	19	2
100132285	0.000011549804	33	0	33
915	0.000021789872	17	6	11
492303	0.000012238497	2	2	0
820757	0.000011549804	1	0	1
58845	0.000011549804	3	0	3
115825	0.000024446157	27	4	23
54471	0.000046575429	18	14	4
9892	0.000036301406	17	13	4
205717	0.000013195085	2	2	0
163778	0.000011549804	1	0	1
131377	0.000049915026	14	9	5
136895	0.000025380232	10	7	3
9019	0.000048529178	27	24	3
5082	0.000063862215	37	32	5
4640	0.000020556392	16	12	4
284656	0.000022299573	4	4	0
11230	0.000030291870	18	14	4
168667	0.000011549804	3	0	3
54540	0.000028055798	16	15	1
257019	0.000194410587	15	11	4
125061	0.000045474113	6	5	1
692196	0.000011994584	1	1	0
84067	0.000032375804	9	7	2
27401	0.000017513822	6	2	4
16525	0.000011549804	44	0	44
23127	0.000050436766	17	15	2
7097	0.000064812071	26	16	10
6496	0.000017841500	8	3	5
23604	0.000023479159	14	8	6
8581	0.000016461979	5	3	2
10410	0.000023971290	6	5	1
9595	0.000017155117	8	1	7
6843	0.000022886748	13	5	8
296554	0.000015630988	4	4	0
641293	0.000015319399	7	7	0
158055	0.000012005260	2	1	1
9562	0.000024646629	10	9	1
51031	0.000052136135	36	19	17
79724	0.000055189673	30	28	2
4950	0.000038960114	24	8	16
104859	0.000011549804	14	0	14
1435	0.000021529582	17	4	13
851975	0.000011549804	1	0	1
51114	0.000019801942	8	8	0
14027	0.000011549804	16	0	16
13542	0.000012769229	2	1	1
6338	0.000043019880	24	10	14
3491	0.000016745145	13	9	4
7130	0.000021362793	4	3	1
202333	0.000023744333	10	9	1
3205	0.000019636394	17	2	15
192119	0.000011549804	3	0	3
24446	0.000015253629	2	2	0
354	0.000036648118	25	8	17
4013	0.000016395008	5	1	4
84940	0.000014593521	3	3	0
339965	0.000061471754	17	12	5
68183	0.000012384230	34	1	33
57407	0.000056441068	13	11	2
23090	0.000026016924	20	8	12
51571	0.000022847757	17	10	7
51399	0.000039278178	24	13	11
6009	0.000054599429	39	20	19
9367	0.000027862026	19	14	5
10673	0.000019255108	47	2	45
14924	0.000013055138	2	1	1
196374	0.000067854174	28	24	4
134864	0.000011726144	1	1	0
114800	0.000028760333	5	5	0
143888	0.000012146515	3	3	0
1593	0.000041104487	9	3	6
333929	0.000011549804	6	0	6
259236	0.000032806045	10	6	4
12927	0.000013722600	1	1	0
955	0.000066794269	22	20	2
10659	0.000018836010	13	6	7
387569	0.000024500441	5	4	1
3628	0.000017825699	24	4	20
7342	0.000061796458	25	20	5
15	0.000016036913	11	1	10
6756	0.000014971365	6	1	5
85300	0.000019779727	5	3	2
930	0.000041942392	28	15	13
973	0.000063626914	24	18	6
4565	0.000015559646	1	1	0
90121	0.000038312430	19	16	3
89801	0.000017430609	4	4	0
4649	0.000021871861	13	12	1
55777	0.000021107626	16	4	12
84516	0.000049423746	21	20	1
56940	0.000020387107	6	4	2
3048	0.000051684230	10	8	2
2560	0.000018678614	22	3	19
283987	0.000037955342	10	9	1
92344	0.000026971736	17	8	9
30817	0.000012121287	2	2	0
84889	0.000017188689	5	5	0
51230	0.000028002381	35	11	24
255520	0.000012893915	2	1	1
83538	0.000033963076	11	10	1
80217	0.000015189728	2	2	0
65268	0.000040878318	12	10	2
55175	0.000029467039	9	7	2
55719	0.000021909678	13	9	4
100129982	0.000011795132	1	1	0
114769	0.000011549804	3	0	3
126306	0.000088583877	16	7	9
337979	0.000014546454	2	2	0
10411	0.000014537529	15	3	12
79701	0.000011549804	10	0	10
4256	0.000017658453	1	1	0
25764	0.000050964266	32	15	17
10871	0.000011549804	5	0	5
7799	0.000023826075	13	6	7
5361	0.000031597733	20	16	4
25792	0.000025739111	17	17	0
144245	0.000011549804	1	0	1
25797	0.000019240868	20	13	7
6900	0.000030670147	18	9	9
67046	0.000011549804	9	0	9
3576	0.000038704973	20	12	8
219988	0.000039677905	26	19	7
242	0.000019332766	8	6	2
13163	0.000019615116	2	2	0
57020	0.000020522153	10	9	1
130013	0.000020910335	4	3	1
23113	0.000022461848	14	6	8
4548	0.000113392893	34	29	5
3783750	0.000013463173	6	1	5
26941	0.000011753654	2	1	1
81533	0.000033388795	13	13	0
26091	0.000061835995	31	25	6
118424	0.000035413344	18	8	10
84072	0.000017774938	4	3	1
124808	0.000015398840	7	4	3
343521	0.000014868305	5	4	1
116442	0.000023194713	7	7	0
55276	0.000086612233	26	24	2
16337	0.000011549804	6	0	6
844193	0.000012265472	1	1	0
404710	0.000011549804	14	0	14
118788	0.000015596636	12	5	7
134121	0.000013338070	3	3	0
6101	0.000012504259	1	1	0
51310	0.000012119988	2	2	0
153562	0.000027009067	6	6	0
23456	0.000013761743	13	8	5
64224	0.000040067248	22	14	8
411	0.000027056004	15	13	2
84203	0.000013344173	2	2	0
696	0.000017224258	5	3	2
54969	0.000014034741	7	4	3
134637	0.000035893458	4	2	2
18505	0.000012288361	5	1	4
176454	0.000011549804	1	0	1
3382	0.000024834106	14	3	11
68767	0.000011549804	25	0	25
653166	0.000171024728	11	11	0
118487	0.000014233267	4	4	0
114971	0.000038303469	34	24	10
20846	0.000021122973	5	5	0
9583	0.000048372924	13	12	1
51284	0.000022936271	3	2	1
10365	0.000027537995	10	8	2
6402	0.000026671602	15	3	12
1462	0.000044699072	27	5	22
7348	0.000023611195	16	7	9
219899	0.000019425264	5	5	0
114792	0.000038075410	11	9	2
4961486	0.000011549804	14	0	14
90806	0.000018406983	8	8	0
124411	0.000013613591	2	1	1
3597	0.000017435999	9	6	3
1583	0.000013918917	5	3	2
734	0.000011589791	1	1	0
400506	0.000019821403	10	10	0
2703436	0.000011611955	1	1	0
5243	0.000028493538	31	10	21
6348	0.000073883636	14	7	7
13728	0.000012963316	11	1	10
27223	0.000011549804	16	0	16
23528	0.000057173968	56	32	24
55244	0.000015409765	10	9	1
9604	0.000064594703	32	24	8
51029	0.000011589791	2	1	1
57494	0.000014324792	3	3	0
117284	0.000011549804	3	0	3
2281	0.000064881734	29	18	11
90362	0.000022851170	7	7	0
216238	0.000011549804	20	0	20
231506	0.000011549804	8	0	8
3489	0.000023153740	20	6	14
23012	0.000020230473	20	11	9
4613	0.000032605824	26	17	9
28755	0.000011549804	14	0	14
3195	0.000011549804	9	0	9
9427	0.000013245142	4	4	0
29994	0.000027084824	21	13	8
57509	0.000028719058	20	18	2
337971	0.000025180778	3	3	0
401152	0.000059432221	20	14	6
25973	0.000016565487	7	6	1
388695	0.000032104338	11	10	1
10739	0.000013072440	13	1	12
92305	0.000011549804	11	0	11
5028	0.000011549804	3	0	3
541465	0.000164791955	15	15	0
84064	0.000077920812	13	12	1
140739	0.000040926037	22	9	13
100532731	0.000012471013	22	3	19
656	0.000027783961	8	8	0
23200	0.000012543085	3	1	2
140850	0.000023764642	4	4	0
2760	0.000027171484	14	11	3
51147	0.000038556439	47	9	38
222546	0.000108547450	42	40	2
9970	0.000037792166	31	10	21
55701	0.000020388373	9	5	4
10347	0.000016277978	6	6	0
727764	0.000015237552	3	2	1
266553	0.000016780950	8	5	3
4045	0.000013723132	5	3	2
257194	0.000019400638	3	3	0
137868	0.000021303663	14	1	13
4879	0.000022509926	15	6	9
6752	0.000033631650	10	8	2
51449	0.000025731191	11	11	0
201232	0.000038654564	4	4	0
55109	0.000038016020	26	23	3
852822	0.000015115221	8	2	6
643	0.000103102433	15	7	8
11465	0.000013384700	2	2	0
17246	0.000018100060	7	4	3
7143	0.000029577389	15	7	8
55111	0.000018549081	12	4	8
144717	0.000026805558	14	9	5
55163	0.000032597412	23	11	12
27231	0.000018163660	8	3	5
5593	0.000043843212	15	11	4
52163	0.000012892992	1	1	0
3120	0.000014701655	6	1	5
116349	0.000022751451	8	6	2
153020	0.000040047751	5	4	1
9950	0.000040164002	26	26	0
162998	0.000017041854	1	1	0
101930400	0.000020604246	7	5	2
93166	0.000023431251	9	3	6
64919	0.000032946090	18	7	11
7201	0.000024041727	4	3	1
135295	0.000028957880	9	9	0
50937	0.000015961539	7	3	4
116225	0.000137965685	54	38	16
8092	0.000031114683	18	7	11
1428	0.000018529505	4	4	0
11081	0.000011601710	1	1	0
57176	0.000035918845	18	14	4
282809	0.000016923662	30	9	21
79939	0.000041492954	27	27	0
12501	0.000011549804	3	0	3
18813	0.000011549804	2	0	2
5619	0.000016544244	3	3	0
169026	0.000049049266	8	6	2
289990	0.000015667423	1	1	0
84958	0.000017567253	7	3	4
4688	0.000031334233	22	7	15
140825	0.000011549804	5	0	5
79364	0.000042732208	17	11	6
54212	0.000027744959	11	7	4
14088	0.000011549804	4	0	4
79728	0.000025099085	38	8	30
10635	0.000023619430	16	10	6
83639	0.000026602984	5	3	2
391104	0.000019200477	5	5	0
1414	0.000018217635	10	6	4
6334	0.000045092498	5	4	1
27079	0.000055919896	22	14	8
851210	0.000012972012	1	1	0
5740544	0.000011778583	1	1	0
2178	0.000042300978	26	16	10
7352	0.000011549804	4	0	4
51347	0.000018865613	7	6	1
2703455	0.000011611955	1	1	0
56262	0.000036379831	15	13	2
55144	0.000028668594	3	2	1
6530	0.000019018955	8	4	4
729402	0.000015319399	7	7	0
71846	0.000011549804	4	0	4
155	0.000016067729	8	2	6
168544	0.000026835703	8	4	4
55572	0.000014246985	5	5	0
6559	0.000016669436	14	3	11
108960	0.000013135867	2	2	0
1409	0.000018162920	20	3	17
230654	0.000011549804	7	0	7
23221	0.000026199755	19	12	7
101565	0.000011549804	7	0	7
54631	0.000014321952	1	1	0
6533	0.000011843875	3	3	0
4296	0.000124836912	42	20	22
337876	0.000020118230	10	6	4
55501	0.000040419603	21	16	5
54886	0.000011549804	11	0	11
21749	0.000011549804	8	0	8
151246	0.000026377382	41	12	29
57212	0.000033252220	24	11	13
27113	0.000015210617	8	2	6
8790	0.000071813346	10	8	2
166655	0.000017026044	1	1	0
343035	0.000016324655	11	2	9
1750	0.000012605518	1	1	0
9651	0.000126322931	37	37	0
29767	0.000030958363	23	12	11
397548	0.000011549804	1	0	1
221301	0.000014707619	3	3	0
440138	0.000018161394	6	5	1
105	0.000014297854	10	4	6
11069	0.000079906873	14	3	11
23148	0.000032832928	11	11	0
23008	0.000021241762	11	8	3
8842	0.000029709241	5	4	1
80212	0.000022351857	30	10	20
1114	0.000114456708	34	29	5
79816	0.000059655995	11	11	0
162540	0.000011549804	2	0	2
317649	0.000012538997	4	2	2
57580	0.000026810648	9	8	1
517	0.000012851203	3	2	1
84547	0.000066570102	16	14	2
65048	0.000011753654	1	1	0
361833	0.000012926178	1	1	0
221895	0.000022498252	6	4	2
22838	0.000014386781	11	2	9
283870	0.000075813869	10	10	0
4600	0.000014005220	6	1	5
84928	0.000023381974	21	21	0
283970	0.000013609550	4	3	1
497048	0.000019234583	4	4	0
285	0.000033932182	7	7	0
84162	0.000017207378	3	3	0
1238	0.000023501136	20	2	18
10457	0.000013871799	5	2	3
4111	0.000015249973	22	1	21
84915	0.000012186960	1	1	0
57549	0.000013224700	1	1	0
29926	0.000021210626	13	9	4
29970	0.000013231917	7	2	5
100008589	0.000016389568	3	3	0
3557	0.000035651277	7	7	0
432369	0.000012594808	2	2	0
6521	0.000037848233	22	9	13
81494	0.000025998608	5	4	1
380246	0.000011549804	2	0	2
17113	0.000011549804	7	0	7
12566	0.000011549804	4	0	4
181	0.000011549804	4	0	4
21975	0.000011549804	8	0	8
1846	0.000019347315	13	2	11
21750	0.000011549804	5	0	5
51115	0.000017357058	9	7	2
83452	0.000034255079	11	6	5
387755	0.000054974154	14	12	2
22998	0.000023061293	41	27	14
26207	0.000016951888	10	3	7
55357	0.000046031601	12	10	2
29264	0.000013799666	1	1	0
441502	0.000015629201	9	9	0
143244	0.000020290519	13	6	7
284076	0.000014677810	3	2	1
55102	0.000029797790	11	11	0
4267	0.000012133246	12	3	9
7544	0.000011829092	6	1	5
151126	0.000083508524	2	2	0
652968	0.000021933310	6	2	4
1041	0.000034498252	16	8	8
55016	0.000024409539	10	4	6
3714	0.000018137236	12	11	1
4010	0.000014491570	19	2	17
23132	0.000042512002	44	23	21
308335	0.000011601525	1	1	0
64897	0.000028649454	15	15	0
16594	0.000011549804	18	0	18
2717	0.000058242981	16	14	2
2695	0.000011549804	6	0	6
25404	0.000012121680	1	1	0
2022	0.000021838732	18	4	14
56252	0.000045326047	44	39	5
9375	0.000027618464	9	9	0
55230	0.000014078710	2	2	0
144501	0.000027974528	23	20	3
143241	0.000105559154	34	30	4
138428	0.000019471469	6	5	1
3050	0.000067029456	30	11	19
76478	0.000011549804	5	0	5
25766	0.000028001109	14	10	4
132204	0.000027112569	3	2	1
14102	0.000011549804	3	0	3
2703389	0.000015304075	5	2	3
6894	0.000032106994	17	16	1
64127	0.000046864495	35	11	24
146849	0.000024585671	5	5	0
23609	0.000036820479	20	18	2
84809	0.000012209206	2	1	1
257101	0.000026439876	6	3	3
26330	0.000094341294	27	20	7
856105	0.000019289801	3	2	1
27123	0.000011549804	2	0	2
24768	0.000014503024	3	2	1
9854	0.000016058136	5	4	1
122060	0.000020007153	7	7	0
163050	0.000067331999	34	27	7
91272	0.000016876930	11	6	5
6273	0.000026556444	16	7	9
84525	0.000044737119	11	9	2
55184	0.000012549927	3	3	0
27240	0.000012406195	7	1	6
25927	0.000035113340	10	7	3
1493	0.000027118170	16	5	11
3671	0.000012660696	54	2	52
9647	0.000032269687	18	11	7
21454	0.000017508352	3	3	0
149076	0.000011834043	3	2	1
33	0.000013120659	4	2	2
13006	0.000011549804	33	0	33
496	0.000011799536	6	1	5
64760	0.000011789142	6	1	5
79143	0.000030705285	26	25	1
54928	0.000024833135	15	15	0
81788	0.000025667179	16	12	4
80128	0.000105998499	20	14	6
29986	0.000011549804	2	0	2
22196	0.000011950055	56	1	55
51596	0.000030327997	16	12	4
10793	0.000016862686	9	7	2
4982	0.000017927639	7	2	5
9706	0.000040148954	17	10	7
51385	0.000013016535	2	2	0
84896	0.000016694646	13	12	1
387990	0.000017748010	3	1	2
79733	0.000047224214	10	8	2
285622	0.000027405593	7	6	1
3036	0.000015810349	7	5	2
6793	0.000018314619	11	9	2
71824	0.000014143111	1	1	0
64386	0.000014922798	3	2	1
65078	0.000019938490	10	6	4
269	0.000016465389	7	4	3
8852	0.000023038810	7	2	5
353267	0.000013378150	4	2	2
2941	0.000018703910	10	5	5
34225	0.000013520593	2	1	1
144577	0.000012204842	1	1	0
50511	0.000027864228	6	6	0
81858	0.000058801920	29	18	11
1730	0.000020829745	12	11	1
51208	0.000023573343	1	1	0
29980	0.000015453654	3	3	0
35744	0.000011549804	1	0	1
161582	0.000023757082	14	8	6
7627	0.000011549804	1	0	1
4753	0.000018137162	8	7	1
268882	0.000016568777	2	1	1
149628	0.000013214757	17	1	16
6274	0.000022351010	12	10	2
8514	0.000081079412	38	29	9
3323	0.000037237815	19	14	5
1001	0.000015274215	7	1	6
79037	0.000011549804	13	0	13
28978	0.000048259734	8	6	2
55709	0.000017717645	6	6	0
199221	0.000048013139	10	8	2
3816	0.000011917490	4	1	3
7441	0.000034607811	7	7	0
5744	0.000019168442	12	7	5
112398	0.000047341947	22	13	9
288	0.000085044547	30	20	10
214	0.000012965793	7	5	2
127544	0.000019040350	9	6	3
22883	0.000032044798	20	9	11
84236	0.000018386038	8	7	1
744	0.000022558776	13	4	9
85457	0.000018840308	11	6	5
84628	0.000011847038	2	2	0
116179	0.000044269210	20	15	5
84553	0.000025530056	5	3	2
103136	0.000012282005	1	1	0
153643	0.000015062326	2	2	0
10231	0.000013483893	17	1	16
278	0.000055174491	21	16	5
84939	0.000027762985	12	10	2
284904	0.000083856081	20	19	1
3976	0.000013940912	6	3	3
9620	0.000017047356	9	8	1
84830	0.000015512973	3	2	1
11785	0.000011549804	3	0	3
353238	0.000025777456	3	3	0
25878	0.000011759720	2	2	0
8708	0.000023861076	3	2	1
347735	0.000011549804	8	0	8
220064	0.000019752421	6	6	0
128061	0.000018783767	8	7	1
12988	0.000011549804	25	0	25
10478	0.000070145827	20	18	2
28512	0.000011549804	8	0	8
51752	0.000024267152	14	13	1
9849	0.000027532575	9	9	0
54809	0.000033690574	12	10	2
21833	0.000011549804	2	0	2
57228	0.000014936649	6	4	2
26000	0.000018620490	9	9	0
14958	0.000012928347	1	1	0
7745	0.000110479531	14	12	2
57050	0.000034583611	24	13	11
79656	0.000051708788	24	17	7
200205	0.000032341892	10	9	1
80297	0.000012892992	1	1	0
27031	0.000023690331	9	7	2
127281	0.000024903934	8	4	4
2784	0.000122301540	31	21	10
29094	0.000016037567	7	6	1
165324	0.000021395670	11	9	2
55435	0.000030916704	12	9	3
130502	0.000030650603	10	8	2
407759	0.000011601525	1	1	0
79912	0.000018329106	8	5	3
255043	0.000100034033	8	8	0
9552	0.000018609711	6	5	1
9392	0.000089293108	19	17	2
55486	0.000017475183	9	5	4
8447	0.000020933987	5	5	0
784	0.000025890770	11	4	7
6770	0.000025590186	12	6	6
337970	0.000053896164	18	17	1
11196	0.000087482948	43	26	17
51241	0.000015991251	6	6	0
9275	0.000051614721	31	28	3
205327	0.000022523375	7	7	0
7551	0.000015499936	17	7	10
74053	0.000016377758	1	1	0
140885	0.000060143853	21	15	6
8277	0.000041480086	13	11	2
81502	0.000034326351	23	16	7
23478	0.000020645662	20	16	4
1805	0.000016692732	4	1	3
8671	0.000039260434	7	6	1
1811	0.000011549804	2	0	2
110074	0.000011549804	3	0	3
284194	0.000025120738	6	6	0
4283	0.000027258409	27	5	22
56111	0.000013202817	1	1	0
1591	0.000012559666	2	2	0
155435	0.000041303213	23	15	8
22999	0.000046553521	34	16	18
149473	0.000049053606	27	19	8
12631	0.000042192791	2	2	0
852295	0.000016938758	9	5	4
414153	0.000011948348	2	2	0
14595	0.000011549804	11	0	11
348180	0.000053066246	15	14	1
202	0.000023615220	8	7	1
55512	0.000048368446	15	10	5
8406	0.000017731467	4	3	1
8858	0.000012735145	2	2	0
6768	0.000068598527	17	15	2
173149	0.000014223050	1	1	0
124044	0.000016579510	5	5	0
79899	0.000020494145	5	4	1
8925	0.000071336260	33	29	4
27233	0.000031724077	4	3	1
1833	0.000014104164	2	2	0
390	0.000023442346	14	4	10
6403	0.000043588268	12	8	4
55422	0.000021699558	10	9	1
283248	0.000020508290	7	6	1
4060	0.000022687456	7	4	3
51693	0.000048185375	31	16	15
2736	0.000022554410	13	7	6
92689	0.000071325792	18	11	7
4081	0.000012278202	10	1	9
8513	0.000057055049	17	10	7
6948	0.000022276923	5	4	1
1231	0.000011549804	11	0	11
54554	0.000016534448	11	6	5
51146	0.000014544045	19	1	18
26157	0.000021374458	3	1	2
339345	0.000015271924	5	3	2
374768	0.000014595716	3	1	2
5502	0.000038078869	16	7	9
19	0.000033867594	54	13	41
853503	0.000012972012	1	1	0
353288	0.000154880134	18	18	0
340533	0.000012335312	3	2	1
3783	0.000015539954	10	3	7
36329	0.000013432231	1	1	0
10162	0.000012160884	4	4	0
4018	0.000028780282	9	5	4
56034	0.000052383019	8	6	2
18004	0.000011549804	4	0	4
755	0.000031130351	11	9	2
228361	0.000011549804	2	0	2
283377	0.000017474248	5	4	1
10586	0.000017582812	23	8	15
64787	0.000019579064	11	5	6
25776	0.000032108837	19	8	11
29940	0.000023420046	6	6	0
51232	0.000015894077	5	4	1
11066	0.000027334037	38	14	24
158931	0.000012086978	2	1	1
69908	0.000019911010	4	4	0
79077	0.000052495761	31	21	10
69288	0.000021394944	5	5	0
79726	0.000037014427	14	13	1
23065	0.000039993532	39	28	11
152330	0.000014510118	6	4	2
65249	0.000011601710	1	1	0
10044	0.000019441808	11	3	8
92714	0.000031557047	39	10	29
60481	0.000017749470	6	6	0
22983	0.000027568780	41	3	38
10136	0.000011549804	2	0	2
84076	0.000066998521	22	15	7
347918	0.000066239677	20	18	2
84975	0.000016457480	8	5	3
9837	0.000026015638	5	3	2
729	0.000030552507	11	10	1
10717	0.000021786410	11	9	2
79731	0.000013884726	5	4	1
11863	0.000012083652	1	1	0
55367	0.000027430588	39	8	31
57522	0.000017288057	13	7	6
17918	0.000012963316	3	1	2
25912	0.000012608971	5	5	0
84498	0.000019164163	6	5	1
57647	0.000032747395	19	14	5
28227	0.000027928496	9	8	1
83591	0.000015797462	7	1	6
2158	0.000016920598	6	4	2
541466	0.000016649067	4	4	0
3199	0.000022340517	6	5	1
51501	0.000013693249	3	2	1
84206	0.000028867882	16	8	8
54796	0.000013937820	4	3	1
9767	0.000058117383	22	22	0
834706	0.000017403750	1	1	0
642443	0.000011549804	1	0	1
6543	0.000017297691	6	3	3
4990	0.000013638561	4	1	3
5649	0.000027909950	7	5	2
285313	0.000011549804	1	0	1
22898	0.000016587013	2	2	0
27374	0.000012855077	8	1	7
23361	0.000020628060	6	6	0
151835	0.000011752301	1	1	0
442867	0.000011549804	2	0	2
91369	0.000056899348	18	18	0
51175	0.000013064664	4	4	0
171392	0.000018223646	4	2	2
94241	0.000024825809	11	4	7
12402	0.000012896610	3	2	1
26416	0.000014110607	6	2	4
55578	0.000047938129	23	21	2
11213	0.000032826417	19	11	8
5555	0.000022305494	1	1	0
360227	0.000011725778	1	1	0
5940	0.000025106945	37	11	26
11039	0.000011549804	6	0	6
81689	0.000044361575	16	16	0
24142	0.000013200492	6	2	4
9451	0.000034455758	23	19	4
10556	0.000043784484	30	22	8
340348	0.000021198805	6	2	4
22004	0.000020087729	2	2	0
8310	0.000017689174	5	5	0
57460	0.000014025038	3	3	0
7980	0.000037344920	5	5	0
4580	0.000037542308	19	16	3
116986	0.000017323201	10	3	7
55553	0.000033843665	17	6	11
247	0.000021138763	6	3	3
55113	0.000012543302	1	1	0
7038	0.000036502833	12	8	4
54842	0.000012098515	3	1	2
25999	0.000028487146	13	4	9
78987	0.000026240344	18	11	7
209354	0.000012399860	1	1	0
84333	0.000032715861	34	21	13
4601	0.000111616460	29	10	19
5624	0.000064737966	15	11	4
30819	0.000028150045	9	6	3
83734	0.000033932761	17	7	10
4210	0.000021564827	16	3	13
57010	0.000011549804	1	0	1
778	0.000022810828	2	2	0
23509	0.000022288758	13	10	3
140838	0.000021762301	10	7	3
84364	0.000029385407	14	12	2
2642	0.000016118411	5	2	3
853168	0.000012972012	1	1	0
414318	0.000142425719	12	12	0
67200	0.000011549804	18	0	18
26895	0.000012337831	1	1	0
134466	0.000029606073	4	4	0
64591	0.000011549804	2	0	2
8396	0.000076372920	25	21	4
56951	0.000013607675	5	3	2
11041	0.000034565924	13	5	8
51735	0.000020451555	17	12	5
129880	0.000036894253	10	6	4
64655	0.000013902206	1	1	0
26380	0.000011549804	15	0	15
203228	0.000059665019	13	12	1
23135	0.000020321052	14	5	9
10106	0.000016452949	27	4	23
219736	0.000017008117	3	3	0
83729	0.000013355133	5	4	1
2995	0.000014879579	5	3	2
5349	0.000018833057	11	6	5
55507	0.000018721958	5	2	3
294917	0.000012948413	1	1	0
79865	0.000011549804	14	0	14
113	0.000012248406	28	1	27
219990	0.000011784721	1	1	0
20416	0.000013346591	4	2	2
26813	0.000011570747	1	1	0
23431	0.000027332810	18	11	7
11152	0.000028127582	12	9	3
1158	0.000044694860	23	16	7
3269	0.000031930281	11	4	7
67444	0.000021161129	4	4	0
57110	0.000016052786	3	2	1
56419	0.000017625663	2	2	0
855342	0.000012972012	1	1	0
3898	0.000013296268	4	3	1
851862	0.000014170722	1	1	0
124872	0.000012510863	2	2	0
27247	0.000021302710	16	11	5
10209	0.000028925603	12	6	6
17344	0.000028772545	4	4	0
6519	0.000023168677	2	2	0
157285	0.000016561985	8	5	3
146853	0.000033217545	11	6	5
58220	0.000011549804	12	0	12
9468	0.000039989830	11	9	2
2917	0.000022998665	16	5	11
25807	0.000018574482	8	8	0
7432	0.000029559680	15	11	4
128240	0.000033568622	18	9	9
8499	0.000059820609	17	13	4
1106	0.000026839329	20	7	13
2098	0.000103799653	33	24	9
387119	0.000018073242	5	5	0
55133	0.000028546967	21	20	1
9053	0.000049815787	31	28	3
55228	0.000018601863	5	4	1
81849	0.000011549804	3	0	3
137392	0.000014055794	3	1	2
64109	0.000037178799	2	2	0
4549	0.000013436072	1	1	0
54126	0.000019463798	5	5	0
285672	0.000104370450	27	25	2
79695	0.000040489617	12	9	3
9465	0.000030553150	12	8	4
27966	0.000012282005	1	1	0
1272	0.000038070505	30	17	13
116636	0.000014333235	1	1	0
8200	0.000038681990	9	6	3
9683	0.000031098485	9	9	0
17118	0.000025374693	7	7	0
338692	0.000020780792	13	11	2
57007	0.000014043995	12	3	9
51696	0.000011589791	1	1	0
13171	0.000012538857	1	1	0
77116	0.000011549804	5	0	5
54545	0.000029302851	7	6	1
255394	0.000039195701	7	6	1
54897	0.000026618616	11	10	1
3467	0.000012470212	2	1	1
4585	0.000012426347	6	1	5
7260	0.000025878521	29	8	21
19013	0.000015225948	5	3	2
211922	0.000011549804	26	0	26
855221	0.000012972012	1	1	0
3218	0.000011549804	4	0	4
286380	0.000026196972	15	10	5
3460	0.000025862047	9	7	2
51557	0.000012944998	1	1	0
7466	0.000028659938	14	11	3
64102	0.000025624150	8	4	4
83448	0.000019717636	6	4	2
90580	0.000032254590	14	14	0
57573	0.000031452845	9	4	5
55909	0.000017608006	15	9	6
389337	0.000014038480	1	1	0
55753	0.000016222988	7	4	3
6388	0.000022154074	10	10	0
55695	0.000034119131	14	12	2
11082	0.000018111798	7	4	3
6487	0.000030207917	19	9	10
199746	0.000014696375	3	3	0
346288	0.000025702600	10	7	3
54784	0.000020703347	8	6	2
398044	0.000011549804	1	0	1
5176	0.000038123074	11	8	3
140629	0.000011549804	3	0	3
51780	0.000028032331	20	15	5
56207	0.000011549804	2	0	2
91752	0.000016221104	3	3	0
23518	0.000016910675	8	7	1
284323	0.000017323916	3	3	0
83693	0.000027085600	9	9	0
79686	0.000011549804	5	0	5
401507	0.000014587780	3	3	0
1840	0.000059011437	27	17	10
5175	0.000037966610	28	15	13
9096	0.000013063422	4	1	3
11854	0.000023837940	6	6	0
326625	0.000058075511	8	7	1
79675	0.000015690177	6	6	0
6360	0.000035545796	8	4	4
50762	0.000012337831	1	1	0
8620	0.000029842916	4	4	0
24627	0.000011549804	3	0	3
318847	0.000011549804	1	0	1
10597	0.000016474175	9	2	7
751867	0.000032167275	10	8	2
145482	0.000030238156	15	15	0
830564	0.000011549804	1	0	1
80301	0.000015041999	21	3	18
2814	0.000012260169	3	1	2
2693	0.000014604025	2	1	1
9760	0.000011771923	7	1	6
29907	0.000017667189	9	4	5
84255	0.000012183336	2	1	1
7730	0.000023418755	4	3	1
9321	0.000045179355	21	19	2
57674	0.000037820601	27	25	2
147372	0.000029906787	10	6	4
85445	0.000011549804	7	0	7
57610	0.000084276843	31	25	6
23731	0.000015660305	5	5	0
29954	0.000039878497	10	10	0
12151	0.000011549804	10	0	10
55122	0.000025512104	11	10	1
56438	0.000016315194	7	5	2
347240	0.000066694946	19	15	4
80347	0.000027073691	31	9	22
285613	0.000018231423	4	2	2
6903	0.000016794897	5	2	3
853167	0.000012975944	4	3	1
131920	0.000014626346	3	3	0
1836	0.000020423640	8	8	0
2626	0.000036886786	36	15	21
285381	0.000027783175	6	5	1
23218	0.000022237045	5	5	0
51764	0.000050479930	45	23	22
432035	0.000011549804	4	0	4
304	0.000019183592	11	11	0
2703453	0.000011611955	1	1	0
59272	0.000074640126	10	4	6
147991	0.000015761108	4	4	0
80264	0.000019930389	3	3	0
856507	0.000012972012	1	1	0
9925	0.000025504640	18	13	5
91133	0.000023042153	7	6	1
3077532	0.000011549804	2	0	2
57678	0.000064015475	17	16	1
28992	0.000018833358	15	4	11
653808	0.000042920843	11	11	0
9110	0.000025723037	6	4	2
160622	0.000011549804	8	0	8
6524	0.000011549804	1	0	1
122481	0.000011549804	11	0	11
30833	0.000038278335	29	13	16
126326	0.000040936867	6	5	1
80055	0.000019979693	11	11	0
429	0.000014555647	13	3	10
14828	0.000015830550	5	4	1
84229	0.000024335216	3	3	0
57731	0.000045501635	14	13	1
9725	0.000014861590	5	5	0
11334	0.000015823761	10	5	5
158747	0.000021630399	12	12	0
128821	0.000015316613	8	1	7
3749	0.000011825129	4	1	3
59126	0.000017058757	3	3	0
6932	0.000019686888	8	3	5
8796	0.000013380807	9	3	6
7556	0.000016788369	8	2	6
83475	0.000019721683	9	5	4
92715	0.000021416086	10	10	0
55361	0.000099183252	13	10	3
160428	0.000017178722	11	4	7
304978	0.000011601525	1	1	0
85465	0.000017293051	5	5	0
84287	0.000012824263	1	1	0
23779	0.000013429446	8	1	7
553158	0.000013177605	1	1	0
6700	0.000053813876	16	16	0
29765	0.000020367113	6	4	2
4703	0.000056482383	28	17	11
19015	0.000014109582	6	3	3
218503	0.000011549804	11	0	11
8635	0.000038894998	11	7	4
284352	0.000165153925	15	12	3
151313	0.000021214667	1	1	0
8131	0.000031469006	13	12	1
4440	0.000015109428	6	4	2
29947	0.000016281280	13	3	10
91056	0.000025035536	9	7	2
57817	0.000023271055	3	3	0
84083	0.000014749193	4	4	0
1731	0.000015666078	29	3	26
26918	0.000011549804	1	0	1
6539	0.000013930752	3	2	1
64145	0.000024346345	18	9	9
256309	0.000017472495	3	3	0
326624	0.000039132439	6	6	0
21416	0.000014015637	1	1	0
23301	0.000021524775	12	10	2
27202	0.000011549804	3	0	3
728	0.000026447150	11	5	6
22330	0.000011971188	1	1	0
6236	0.000037757850	15	11	4
166824	0.000013214757	8	1	7
286467	0.000011706802	2	2	0
441094	0.000012080127	2	2	0
445571	0.000033574628	12	11	1
320706	0.000011549804	19	0	19
825462	0.000012265472	1	1	0
55249	0.000051905662	17	14	3
64091	0.000011549804	21	0	21
53373	0.000012308570	2	2	0
4664	0.000017020376	13	10	3
18595	0.000014001381	1	1	0
256364	0.000031032242	12	12	0
212127	0.000011549804	2	0	2
79870	0.000015212446	4	4	0
84792	0.000012008573	2	1	1
28231	0.000012688723	4	4	0
10953	0.000030615621	33	20	13
51629	0.000012294850	3	3	0
2841	0.000011549804	12	0	12
51170	0.000016796610	7	6	1
79842	0.000085843588	27	24	3
5064	0.000016371943	14	14	0
7701	0.000014746829	4	4	0
18626	0.000019038079	2	1	1
255877	0.000028408676	26	12	14
440915	0.000022352102	11	8	3
5535	0.000022757604	7	4	3
130106	0.000023919565	10	5	5
381921	0.000011549804	6	0	6
57650	0.000025757086	28	27	1
7837	0.000019042778	13	12	1
23409	0.000013421095	9	1	8
8439	0.000027473623	30	10	20
1339	0.000016312934	20	3	17
58516	0.000029934276	13	10	3
1819	0.000012716523	15	3	12
853465	0.000012972012	1	1	0
58504	0.000013500064	3	3	0
51237	0.000012889386	3	1	2
79944	0.000012618140	8	1	7
3620	0.000023360196	16	12	4
6621	0.000034091709	13	10	3
84057	0.000011549804	3	0	3
131118	0.000045535802	15	12	3
27036	0.000013374679	5	1	4
27077	0.000015589430	23	8	15
132001	0.000014459667	3	3	0
400221	0.000011980583	1	1	0
18746	0.000011549804	7	0	7
2519	0.000016726261	21	4	17
853409	0.000011635347	1	1	0
55326	0.000020210967	9	7	2
14794	0.000013812959	1	1	0
160760	0.000018136232	4	4	0
22213	0.000022918120	4	4	0
66583	0.000011549804	16	0	16
2668	0.000020960435	15	3	12
163782	0.000032508139	6	6	0
79230	0.000017073698	10	4	6
8459	0.000012206868	3	3	0
25884	0.000011684521	8	1	7
55745	0.000012343660	7	2	5
221322	0.000022601994	3	3	0
1420	0.000027150237	9	4	5
856454	0.000011549804	1	0	1
64282	0.000019382747	36	10	26
5427	0.000037911580	44	17	27
57539	0.000027467218	15	15	0
25841	0.000015460022	7	5	2
124935	0.000016829714	7	4	3
9120	0.000011589791	6	1	5
35540	0.000011549804	1	0	1
27143	0.000026806959	8	8	0
654790	0.000011710395	1	1	0
5990	0.000028955623	13	8	5
73121	0.000011549804	2	0	2
220	0.000020607904	45	16	29
229	0.000050425621	37	19	18
217866	0.000012993377	2	1	1
84968	0.000015764948	2	1	1
56650	0.000020937418	28	8	20
9749	0.000025836535	7	7	0
56895	0.000016571674	12	8	4
26521	0.000056312481	14	14	0
339970	0.000011929129	1	1	0
6297	0.000030548063	20	14	6
51059	0.000011771923	2	1	1
404053	0.000051071675	7	6	1
79029	0.000021800992	18	18	0
24145	0.000030959299	11	10	1
4123	0.000035296359	12	11	1
1673	0.000013514735	2	1	1
23300	0.000011549804	3	0	3
5634	0.000041760892	25	15	10
84331	0.000018031947	7	6	1
7268	0.000098001748	48	24	24
26278	0.000016960958	14	8	6
828571	0.000013687681	2	2	0
348938	0.000019981901	2	2	0
56655	0.000055315472	30	19	11
201562	0.000019238350	13	12	1
2538	0.000019260582	4	2	2
729857	0.000018753945	3	3	0
146223	0.000013390136	4	3	1
282857	0.000011747528	1	1	0
84722	0.000037141038	22	17	5
80315	0.000012322540	4	2	2
81794	0.000020066842	7	7	0
54916	0.000011549804	7	0	7
10110	0.000031967088	28	7	21
127294	0.000022196294	3	3	0
3338	0.000011907557	3	1	2
24137	0.000033344876	26	17	9
730112	0.000038950892	4	4	0
72722	0.000012249679	1	1	0
8853	0.000107911538	33	27	6
26151	0.000028248792	11	5	6
67845	0.000011549804	4	0	4
22928	0.000034359679	13	11	2
2834	0.000012706400	5	1	4
51052	0.000014263276	1	1	0
27181	0.000011549804	1	0	1
27350	0.000020008794	24	15	9
54	0.000023741630	15	8	7
5797	0.000026762285	10	7	3
125050	0.000041609588	12	11	1
8225	0.000019683951	8	8	0
11076	0.000024213366	10	4	6
208618	0.000011549804	2	0	2
203076	0.000011549804	7	0	7
51271	0.000032368127	17	15	2
374986	0.000012901744	5	5	0
144110	0.000043963726	11	7	4
100132074	0.000012863948	11	1	10
4097	0.000049554169	36	20	16
57683	0.000013850211	4	4	0
64376	0.000022990313	9	8	1
6341	0.000014307508	5	4	1
1117	0.000012822415	2	2	0
24811	0.000011549804	4	0	4
79962	0.000012033716	1	1	0
114771	0.000014465947	5	2	3
7903	0.000014853143	2	2	0
10424	0.000026489952	18	16	2
292729	0.000011601525	1	1	0
2563	0.000012066047	5	1	4
14164	0.000011549804	1	0	1
8727	0.000022111408	15	5	10
93134	0.000014609072	4	4	0
301555	0.000011601525	1	1	0
393313	0.000017332763	3	2	1
285362	0.000015783749	7	5	2
2747	0.000014076577	12	8	4
284716	0.000011549804	3	0	3
7012	0.000040235931	6	6	0
23440	0.000026471996	7	4	3
55206	0.000041684188	10	8	2
72508	0.000022645299	6	6	0
2899	0.000016478217	5	2	3
65152	0.000013799666	1	1	0
5832	0.000071497515	60	53	7
23174	0.000026437441	14	8	6
55615	0.000015439518	7	2	5
10301	0.000011549804	22	0	22
1646	0.000020604246	12	5	7
374907	0.000013641862	8	1	7
22152	0.000012963316	3	1	2
85362	0.000011549804	5	0	5
64359	0.000027084259	7	7	0
9600	0.000028763781	11	10	1
56681	0.000038527116	27	19	8
22797	0.000015428727	11	4	7
1820	0.000021802024	32	9	23
15511	0.000023397771	5	5	0
54860	0.000015322549	4	2	2
28965	0.000013885721	13	6	7
5947	0.000053029772	21	15	6
29121	0.000036314068	27	16	11
3882	0.000016225237	15	5	10
133746	0.000026288821	12	8	4
9673	0.000019819866	5	2	3
3123	0.000049846359	25	13	12
646960	0.000012954985	3	3	0
51087	0.000016597249	6	6	0
55079	0.000011549804	1	0	1
29099	0.000019883541	15	9	6
64122	0.000012556646	2	2	0
84306	0.000018940943	12	7	5
127255	0.000013577316	4	2	2
27291	0.000021588666	10	6	4
55255	0.000013729467	7	7	0
540	0.000026729754	13	6	7
1311	0.000021529289	10	4	6
810	0.000055307749	40	36	4
10955	0.000022422994	13	4	9
1346	0.000012406596	15	2	13
6391	0.000029568878	20	12	8
55973	0.000040311694	14	9	5
441521	0.000018844348	7	5	2
201475	0.000012958146	4	1	3
24680	0.000015685003	5	1	4
10752	0.000011549804	3	0	3
66296	0.000011549804	6	0	6
9537	0.000012203586	8	4	4
55614	0.000022133793	19	12	7
51471	0.000011549804	1	0	1
89795	0.000018906118	4	4	0
7553	0.000017481624	7	6	1
83740	0.000015260104	1	1	0
404093	0.000033201158	16	16	0
56171	0.000013698427	3	3	0
19366	0.000011549804	6	0	6
852665	0.000011752301	1	1	0
124402	0.000019486134	3	2	1
3371	0.000014652174	9	3	6
146760	0.000014102133	7	2	5
21872	0.000020889400	3	3	0
340419	0.000031036887	15	3	12
11216	0.000016938185	12	3	9
3538	0.000014768215	2	2	0
23461	0.000011549804	2	0	2
1571	0.000040086561	16	9	7
100131017	0.000017375808	5	5	0
59340	0.000018572262	4	3	1
57336	0.000011549804	1	0	1
122876	0.000012682499	3	1	2
14688	0.000013910326	15	3	12
337867	0.000054126524	59	15	44
389834	0.000272654448	23	21	2
6123	0.000069153741	38	20	18
9741	0.000022668416	11	9	2
139741	0.000014178258	5	5	0
54511	0.000019108526	7	4	3
18193	0.000016033490	4	3	1
2703373	0.000011611955	1	1	0
14463	0.000011549804	4	0	4
8284	0.000011549804	2	0	2
222171	0.000011627267	2	1	1
856061	0.000014893799	3	2	1
80832	0.000012242806	2	1	1
23034	0.000020779446	12	7	5
851260	0.000012972012	1	1	0
55153	0.000051943430	21	21	0
818280	0.000012265472	1	1	0
223691	0.000013270636	1	1	0
3384	0.000016936112	23	5	18
10677	0.000011902757	1	1	0
116681	0.000017160896	3	3	0
63926	0.000015982821	3	1	2
116496	0.000013282769	5	3	2
123879	0.000029422298	11	4	7
8637	0.000016239464	8	6	2
725	0.000011549804	13	0	13
4604	0.000025443210	13	11	2
12695	0.000011549804	1	0	1
8013	0.000022137728	5	4	1
79877	0.000016171830	9	9	0
157773	0.000028133946	9	5	4
85452	0.000017265977	3	3	0
100364368	0.000011601525	1	1	0
6372	0.000018672123	3	3	0
1816	0.000012609482	6	1	5
64207	0.000027728474	16	11	5
375704	0.000025316430	2	2	0
338872	0.000011549804	15	0	15
7373	0.000028764031	15	12	3
11674	0.000012963316	1	1	0
17927	0.000013535398	2	1	1
6855	0.000040020353	23	16	7
246744	0.000039006834	14	12	2
29998	0.000021108381	13	9	4
64319	0.000024114635	16	16	0
30816	0.000013326133	6	2	4
83590	0.000026506447	28	21	7
83546	0.000011549804	9	0	9
30009	0.000015405727	9	2	7
57670	0.000024682045	19	11	8
3283	0.000013642536	5	2	3
4939	0.000012070251	2	1	1
4238	0.000021047629	17	16	1
130940	0.000023897741	13	3	10
245937	0.000013983503	2	2	0
79812	0.000016028452	4	3	1
29895	0.000015895887	5	4	1
4353	0.000026068506	10	9	1
57231	0.000018668280	8	8	0
123	0.000012907460	5	1	4
53947	0.000016326974	12	5	7
54795	0.000013434007	5	4	1
5916	0.000108010181	43	24	19
855386	0.000012972012	1	1	0
388585	0.000011549804	2	0	2
1033	0.000023811135	7	4	3
11248	0.000013899548	13	2	11
254013	0.000011549804	12	0	12
79971	0.000019950589	12	12	0
2709	0.000014786318	6	2	4
27300	0.000014989809	8	5	3
9073	0.000014133223	8	2	6
285205	0.000026110202	6	4	2
57178	0.000014305615	12	3	9
83394	0.000014958827	2	2	0
229906	0.000014432847	14	1	13
23307	0.000047324581	25	21	4
55247	0.000016831815	19	3	16
2627	0.000016884883	16	4	12
81558	0.000015238098	3	3	0
254295	0.000011929129	2	1	1
84618	0.000015595746	2	2	0
1667	0.000012727085	8	2	6
27201	0.000011549804	1	0	1
101543	0.000011549804	2	0	2
3502	0.000027897002	11	10	1
8521	0.000026000611	14	4	10
58191	0.000038164464	28	14	14
223723	0.000011549804	16	0	16
3567	0.000015166255	10	4	6
400966	0.000019411976	6	6	0
55187	0.000030998222	4	2	2
26446	0.000011753654	1	1	0
223082	0.000025104559	14	8	6
388611	0.000017177135	7	2	5
92747	0.000016287551	2	2	0
16565	0.000012892992	11	1	10
641977	0.000012972012	1	1	0
84986	0.000024681005	6	6	0
2073	0.000030925026	25	19	6
8778	0.000011549804	3	0	3
9686	0.000015476636	13	5	8
7495	0.000012516158	4	1	3
54210	0.000011549804	1	0	1
7305	0.000118343388	18	17	1
93349	0.000021376627	8	7	1
283820	0.000015488065	10	7	3
51314	0.000011549804	1	0	1
22987	0.000014304484	1	1	0
7638	0.000013536242	3	2	1
18477	0.000011549804	6	0	6
65982	0.000066674112	17	13	4
115761	0.000013961992	2	1	1
71521	0.000011549804	12	0	12
57470	0.000053631222	34	23	11
20620	0.000011549804	9	0	9
54805	0.000011976973	3	3	0
93759	0.000017724515	5	2	3
23434	0.000018555377	9	5	4
23632	0.000014862740	44	1	43
9455	0.000021527101	17	9	8
6699	0.000015634991	4	3	1
55863	0.000029854517	15	11	4
10220	0.000015214305	11	5	6
124857	0.000013719579	1	1	0
51406	0.000016625586	9	8	1
9311	0.000023561342	10	5	5
217365	0.000011549804	1	0	1
71713	0.000013135867	2	2	0
55652	0.000014934822	5	3	2
57099	0.000016039466	12	9	3
12386	0.000012963316	1	1	0
270192	0.000021152070	4	4	0
10205	0.000025462768	5	3	2
389766	0.000030316746	1	1	0
124535	0.000011549804	2	0	2
222255	0.000022029248	8	6	2
212753	0.000013394227	2	2	0
387316	0.000011771923	1	1	0
653604	0.000022536375	14	10	4
8832	0.000015831585	5	3	2
266697	0.000024906124	5	5	0
223917	0.000012762046	1	1	0
974	0.000058072681	17	14	3
25806	0.000014087162	5	2	3
844302	0.000011549804	1	0	1
8153	0.000027105245	10	6	4
10430	0.000015504555	17	4	13
18844	0.000012892992	1	1	0
694	0.000026129788	24	11	13
631	0.000021416840	11	3	8
57139	0.000011549804	2	0	2
221786	0.000019414219	4	2	2
2169	0.000013440381	3	2	1
284111	0.000028473446	17	10	7
1562	0.000020711283	10	5	5
2986	0.000026874016	27	5	22
338382	0.000022109480	15	5	10
55101	0.000011706802	2	2	0
85463	0.000013450922	2	2	0
11202	0.000012698634	20	4	16
594	0.000040591654	12	11	1
2184	0.000017003293	13	4	9
16348	0.000011549804	12	0	12
362612	0.000011601525	1	1	0
50512	0.000012133617	4	3	1
169522	0.000026529280	4	4	0
26059	0.000045708380	18	8	10
4908	0.000018811865	12	3	9
1138	0.000019881046	4	3	1
341640	0.000022070943	12	12	0
160298	0.000011549804	2	0	2
51537	0.000015130357	6	5	1
85479	0.000031188653	7	5	2
9936	0.000014201224	3	2	1
146713	0.000027335457	4	4	0
283685	0.000068509452	6	6	0
292925	0.000014154431	1	1	0
9901	0.000039266169	25	13	12
794	0.000024333568	6	6	0
140876	0.000019957193	5	4	1
338322	0.000014093078	2	2	0
10021	0.000020498710	7	2	5
84665	0.000044174691	19	14	5
1861	0.000041123818	31	11	20
29097	0.000014013508	9	5	4
16428	0.000015235808	2	2	0
159013	0.000014798275	6	5	1
26824	0.000011549804	25	0	25
81543	0.000013588664	1	1	0
23246	0.000041682687	36	24	12
84267	0.000014237770	11	5	6
65113	0.000011549804	4	0	4
854327	0.000024359322	2	2	0
6916	0.000028354987	8	6	2
79177	0.000037432610	9	9	0
84343	0.000079290695	17	17	0
100129791	0.000011549804	2	0	2
1397	0.000025394154	22	15	7
4829	0.000024507735	1	1	0
3200	0.000012781701	9	4	5
284439	0.000013480241	7	5	2
401251	0.000022219011	9	3	6
269523	0.000011549804	4	0	4
131450	0.000025250648	9	2	7
839527	0.000012265472	1	1	0
19353	0.000013372753	3	1	2
3394	0.000044311656	23	9	14
4635	0.000012277769	5	4	1
80135	0.000019496130	14	10	4
63982	0.000026270390	8	8	0
79829	0.000023259128	9	8	1
19823	0.000016951639	6	6	0
84302	0.000015731856	11	11	0
271	0.000026407140	15	11	4
27221	0.000011549804	13	0	13
55268	0.000036756320	24	12	12
83895	0.000029936564	37	18	19
84298	0.000029125615	10	9	1
402135	0.000012033716	1	1	0
92912	0.000034041336	22	10	12
3045	0.000036535886	20	16	4
346389	0.000012280618	1	1	0
221692	0.000011601710	4	1	3
51168	0.000020921688	5	5	0
166863	0.000014448296	4	3	1
6718	0.000023048226	7	2	5
17957	0.000012892992	1	1	0
401399	0.000011613812	1	1	0
55825	0.000014876758	6	2	4
3933	0.000025966604	11	7	4
55300	0.000016384368	11	8	3
13191	0.000011549804	24	0	24
387036	0.000036496096	8	8	0
121214	0.000013793677	3	3	0
9117	0.000011549804	8	0	8
25911	0.000024239245	11	10	1
2998	0.000043115017	7	6	1
23370	0.000016566394	8	5	3
19387	0.000013142891	2	1	1
139105	0.000023600086	5	4	1
8859	0.000024508822	12	6	6
7769	0.000012940915	3	2	1
253782	0.000020334153	8	8	0
128312	0.000022807532	32	11	21
441212	0.000088285796	10	10	0
25940	0.000042633952	28	25	3
57455	0.000036873087	9	7	2
12576	0.000018475478	6	6	0
6422	0.000067701859	7	6	1
125488	0.000016311615	6	6	0
767	0.000017014565	31	3	28
7783	0.000037281139	4	4	0
2703	0.000020012144	2	1	1
392862	0.000016514074	2	1	1
8745	0.000026949128	6	6	0
4607	0.000028914589	15	9	6
9248	0.000021857107	9	4	5
162681	0.000023124455	5	3	2
5098	0.000027611790	7	6	1
80821	0.000022105790	3	3	0
855999	0.000012972012	1	1	0
27244	0.000011635347	6	1	5
1149	0.000014812670	11	2	9
18521	0.000011549804	8	0	8
853169	0.000013132604	2	2	0
91050	0.000014189323	2	1	1
57168	0.000016802681	5	5	0
163227	0.000011549804	2	0	2
8287	0.000022739636	8	7	1
3960	0.000014699680	19	5	14
9507	0.000036085835	10	8	2
79674	0.000021309630	7	5	2
160140	0.000051244586	8	6	2
706	0.000055390601	18	10	8
10462	0.000044745944	25	9	16
670	0.000011994584	6	1	5
2905	0.000018332854	6	4	2
728233	0.000012823380	1	1	0
1849	0.000014572312	10	4	6
4241	0.000017266595	12	3	9
91319	0.000033870257	8	6	2
9780	0.000019464974	9	9	0
24417	0.000011549804	3	0	3
6535	0.000013427306	7	6	1
4891	0.000022540057	8	3	5
856638	0.000012972012	1	1	0
23078	0.000029001685	17	16	1
284366	0.000028782059	11	10	1
6511	0.000014977951	3	2	1
5801	0.000017994621	9	5	4
84542	0.000012606190	2	1	1
11441	0.000015108560	1	1	0
13017	0.000014682331	4	1	3
7908	0.000015731301	1	1	0
12323	0.000014306504	2	2	0
118663	0.000015354410	3	3	0
1961	0.000011549804	1	0	1
5190	0.000045959311	10	7	3
26112	0.000015900523	3	3	0
854102	0.000011549804	2	0	2
23252	0.000012039191	2	1	1
10175	0.000012566251	7	2	5
285220	0.000016098258	3	3	0
64302	0.000013206569	2	2	0
66917	0.000013888143	3	1	2
399726	0.000011589791	1	1	0
26832	0.000011972613	1	1	0
1755	0.000018024557	8	5	3
2121	0.000012080127	2	2	0
328580	0.000011549804	16	0	16
114815	0.000011549804	2	0	2
6326	0.000041233054	6	5	1
220972	0.000020017086	8	3	5
3222	0.000012811289	8	2	6
8704	0.000049136958	16	13	3
790955	0.000012514824	6	2	4
29124	0.000012945776	10	4	6
2249	0.000011549804	5	0	5
143458	0.000011675334	8	2	6
83814	0.000021583186	3	2	1
548644	0.000036759575	6	6	0
2920	0.000020919649	9	6	3
26040	0.000026295563	16	5	11
494115	0.000024561208	12	11	1
18091	0.000016151457	1	1	0
9580	0.000026550987	11	7	4
18029	0.000012927920	1	1	0
197322	0.000044530259	11	11	0
21339	0.000011549804	3	0	3
9415	0.000087895192	24	22	2
856597	0.000012972012	1	1	0
94103	0.000029125087	11	7	4
7694	0.000016505581	10	6	4
55108	0.000017678711	7	6	1
9941	0.000013093996	2	2	0
51360	0.000015103354	5	2	3
3003	0.000011549804	13	0	13
150726	0.000012195596	2	1	1
161725	0.000017085346	3	1	2
3357	0.000029349377	7	4	3
23119	0.000017937687	15	10	5
85280	0.000027478560	30	17	13
21848	0.000011549804	4	0	4
56961	0.000013783476	10	2	8
116448	0.000059694292	21	20	1
3445	0.000011549804	10	0	10
9819	0.000015874549	2	1	1
5155	0.000078011824	25	20	5
4320	0.000011549804	2	0	2
217473	0.000011549804	1	0	1
3000	0.000034923942	32	8	24
9993	0.000017925406	8	8	0
6328	0.000024143903	6	5	1
5697	0.000057117136	5	5	0
10249	0.000011549804	7	0	7
256714	0.000014815707	9	8	1
25023	0.000011549804	2	0	2
852222	0.000012972012	1	1	0
79024	0.000021777995	2	2	0
130026	0.000012972649	3	2	1
27085	0.000017059198	4	4	0
83931	0.000039793681	17	13	4
1371	0.000034700015	11	6	5
283948	0.000032812808	12	11	1
2968	0.000082871287	50	29	21
80852	0.000044809439	15	12	3
2948	0.000020459351	14	5	9
5438	0.000098788451	54	47	7
79874	0.000055470915	26	20	6
57446	0.000019943469	9	6	3
285282	0.000018758952	20	19	1
80895	0.000042618672	23	18	5
14534	0.000011549804	2	0	2
2119	0.000042496352	24	11	13
13605	0.000011549804	14	0	14
4583	0.000018569587	8	6	2
8329	0.000023097226	14	12	2
137902	0.000019790621	5	3	2
4682	0.000036710750	19	11	8
10017	0.000018924825	14	3	11
60482	0.000013812959	2	1	1
29104	0.000015557745	7	4	3
165215	0.000015707256	3	2	1
79741	0.000014874904	4	4	0
820438	0.000012265472	1	1	0
23203	0.000046856880	14	11	3
100289097	0.000012346047	1	1	0
257415	0.000017022824	7	6	1
728378	0.000087457804	25	25	0
199857	0.000012512759	1	1	0
3053	0.000016748844	15	5	10
50913	0.000012288361	1	1	0
8941	0.000026349027	5	5	0
2021	0.000046626568	14	9	5
3242	0.000025137188	10	6	4
17313	0.000011549804	17	0	17
853043	0.000011549804	1	0	1
243961	0.000015108560	1	1	0
2900	0.000018170987	3	3	0
57489	0.000016516344	13	10	3
25966	0.000011589791	5	1	4
8215	0.000011549804	1	0	1
79832	0.000017851696	12	12	0
100363904	0.000011601525	1	1	0
90167	0.000012135916	1	1	0
148867	0.000021566297	16	16	0
18458	0.000013027671	16	2	14
6887	0.000014866341	9	3	6
23446	0.000016406789	9	8	1
10493	0.000030819956	20	14	6
4807	0.000021498923	13	4	9
10516	0.000033666433	11	8	3
624	0.000058780796	22	20	2
146556	0.000011690944	1	1	0
10393	0.000065015995	48	35	13
59341	0.000038282419	18	9	9
64856	0.000022337951	4	4	0
51098	0.000034352898	4	4	0
4775	0.000022974744	16	12	4
480	0.000012958053	6	5	1
644815	0.000022349350	9	9	0
17756	0.000014306504	2	2	0
6049	0.000019205633	5	4	1
9526	0.000013484246	10	4	6
843546	0.000012265472	1	1	0
23066	0.000034440479	22	19	3
66156	0.000011549804	2	0	2
55902	0.000028586671	21	15	6
2979	0.000011549804	3	0	3
53610	0.000014837800	5	3	2
51027	0.000140502100	14	9	5
100037269	0.000020562692	1	1	0
85377	0.000046647960	19	18	1
23762	0.000023948740	12	10	2
6503	0.000027329276	18	9	9
12950	0.000013322769	1	1	0
85240	0.000015219261	1	1	0
63928	0.000012143359	6	1	5
63951	0.000012605518	3	1	2
7145	0.000034486872	13	10	3
220136	0.000047656290	19	18	1
4009	0.000014462308	6	2	4
70160	0.000012972012	1	1	0
10734	0.000011549804	2	0	2
138151	0.000013851025	10	2	8
6758	0.000014308689	6	1	5
4142	0.000015334304	2	2	0
1302	0.000016433235	6	4	2
24150	0.000011589791	1	1	0
852371	0.000012972012	1	1	0
84966	0.000087811442	33	33	0
65217	0.000011601710	1	1	0
729708	0.000012799722	3	3	0
400745	0.000013280069	2	2	0
89866	0.000013718042	2	2	0
80319	0.000013465036	9	2	7
23331	0.000027399562	19	17	2
100507203	0.000012083765	1	1	0
4674	0.000030694822	12	4	8
89857	0.000024957999	6	6	0
7696	0.000011549804	2	0	2
23483	0.000014761658	4	2	2
1143	0.000038448981	7	4	3
162632	0.000102092092	8	7	1
8403	0.000012892215	9	4	5
54584	0.000021222306	10	10	0
79894	0.000011621259	4	1	3
692076	0.000011994584	1	1	0
10003	0.000031805182	2	1	1
140722	0.000011549804	11	0	11
231801	0.000012762046	1	1	0
9034	0.000011549804	8	0	8
5507	0.000015418255	20	5	15
23074	0.000035239406	12	12	0
442227	0.000014913849	1	1	0
1362	0.000021862880	15	14	1
116443	0.000013331844	8	2	6
65028	0.000011805375	2	2	0
64343	0.000028156253	21	9	12
6344	0.000026841802	11	5	6
110323	0.000012963316	1	1	0
114897	0.000025492667	7	7	0
1075	0.000035325111	25	18	7
2298	0.000012318435	17	1	16
7350	0.000015417163	4	2	2
400798	0.000011549804	6	0	6
51303	0.000011829092	2	1	1
199	0.000017160823	3	1	2
18148	0.000017279919	3	3	0
100129696	0.000011858898	1	1	0
135458	0.000016716607	4	2	2
110279	0.000016476868	2	2	0
220002	0.000052151170	7	6	1
55856	0.000038358035	28	11	17
91942	0.000017813396	10	5	5
162989	0.000028634520	12	8	4
5740	0.000027598487	9	5	4
8073	0.000028685579	13	7	6
1005	0.000016409872	6	2	4
55786	0.000014014066	4	2	2
6683	0.000023248056	18	14	4
18673	0.000012963316	1	1	0
24208	0.000011549804	2	0	2
84717	0.000060638313	36	35	1
27180	0.000013031130	3	1	2
253512	0.000016158131	6	6	0
10455	0.000033334860	19	16	3
151295	0.000013673577	1	1	0
855289	0.000011549804	1	0	1
83720	0.000011753654	1	1	0
55055	0.000045639519	9	8	1
10011	0.000097226124	49	39	10
24468	0.000014903463	7	2	5
79000	0.000013943068	5	4	1
9942	0.000047726506	9	6	3
140738	0.000034618221	6	5	1
284067	0.000012193335	5	1	4
12142	0.000012206147	2	1	1
80351	0.000023164726	17	11	6
201965	0.000019389032	8	8	0
126282	0.000047799118	14	10	4
9481	0.000015361755	1	1	0
71679	0.000012963316	1	1	0
11055	0.000012964430	2	1	1
391627	0.000012526167	8	1	7
51886	0.000012892992	1	1	0
84290	0.000028475279	10	3	7
50497	0.000011549804	8	0	8
22390	0.000013501430	2	2	0
854682	0.000012972012	1	1	0
6017	0.000015373806	5	1	4
856294	0.000019372030	2	2	0
54145	0.000020418821	9	9	0
23151	0.000031169076	15	6	9
8728	0.000050302672	13	11	2
221264	0.000012924356	3	1	2
219431	0.000019842549	3	3	0
121643	0.000016864927	2	2	0
5125	0.000020745864	66	17	49
25799	0.000020931318	12	12	0
84073	0.000028301741	7	7	0
199720	0.000054317979	24	19	5
2703417	0.000011549804	7	0	7
56301	0.000015741493	3	2	1
9464	0.000048420458	17	13	4
113828	0.000012180052	2	2	0
10782	0.000014999821	6	2	4
51163	0.000014923374	10	8	2
1129	0.000014100265	18	2	16
307947	0.000012301687	1	1	0
854702	0.000012166552	2	1	1
5680	0.000013020045	4	1	3
70235	0.000011549804	6	0	6
146434	0.000024924394	13	4	9
51885	0.000011549804	7	0	7
5872	0.000022070716	16	12	4
84700	0.000020971631	4	4	0
853365	0.000012972012	1	1	0
9788	0.000026020290	9	7	2
175217	0.000011549804	2	0	2
50700	0.000024125044	8	4	4
55862	0.000014577920	6	3	3
64015	0.000011549804	6	0	6
54838	0.000016379275	3	3	0
17219	0.000013365427	2	1	1
80018	0.000021765765	12	9	3
58485	0.000016005632	9	5	4
455214	0.000011549804	1	0	1
55526	0.000034274138	8	8	0
22154	0.000015823869	13	3	10
1417	0.000012958826	4	3	1
8578	0.000024302286	12	5	7
6658	0.000014339248	7	4	3
3350	0.000021690841	9	4	5
90826	0.000018447505	7	7	0
8997	0.000044358153	22	18	4
816314	0.000012265472	1	1	0
9746	0.000023384669	2	2	0
16330	0.000012282005	1	1	0
3046	0.000013634599	5	4	1
17248	0.000014811434	4	2	2
11255	0.000019950803	3	2	1
9363	0.000016028238	13	5	8
6799	0.000034158752	15	8	7
7173	0.000033877933	5	5	0
64284	0.000019299537	17	6	11
22902	0.000018624543	8	5	3
192683	0.000031529600	7	5	2
64902	0.000013111468	3	1	2
75599	0.000011549804	14	0	14
9954	0.000023330602	8	5	3
9957	0.000084138812	10	9	1
60684	0.000044325549	19	17	2
55627	0.000025322865	25	25	0
16561	0.000011549804	6	0	6
84552	0.000027867220	21	6	15
4337	0.000018559132	5	4	1
2641	0.000014712019	10	4	6
54938	0.000058329419	30	26	4
51030	0.000012373179	7	2	5
6584	0.000012817393	11	3	8
26272	0.000032217800	16	11	5
388701	0.000039083690	2	2	0
11946	0.000011549804	12	0	12
11068	0.000013888040	4	2	2
26403	0.000013394227	2	2	0
148479	0.000015044236	4	1	3
2865	0.000017191741	2	2	0
2990	0.000019408173	18	8	10
127557	0.000011549804	17	0	17
84957	0.000025053028	12	7	5
23593	0.000017747675	5	4	1
57109	0.000028495743	15	13	2
23428	0.000019538315	6	1	5
20338	0.000011549804	5	0	5
52040	0.000011549804	9	0	9
28815	0.000013175286	3	2	1
3680	0.000028925220	13	4	9
139212	0.000064557337	16	14	2
8771	0.000017655305	6	2	4
50930	0.000015338280	1	1	0
22911	0.000016686200	8	7	1
728405	0.000057211565	5	4	1
824665	0.000011549804	1	0	1
84218	0.000024225341	5	4	1
22059	0.000041124947	16	13	3
6011	0.000037969533	15	8	7
253724	0.000013594923	2	2	0
9498	0.000027960024	4	4	0
200132	0.000012033716	1	1	0
10736	0.000011549804	5	0	5
18711	0.000012892992	1	1	0
85407	0.000023016745	15	7	8
78975	0.000011549804	3	0	3
23158	0.000018816478	22	7	15
50640	0.000024168865	8	8	0
201725	0.000026180550	11	10	1
55544	0.000016346707	7	4	3
799	0.000025767407	13	6	7
26286	0.000031323808	19	11	8
214133	0.000017198047	1	1	0
83955	0.000033936962	6	6	0
4892	0.000021230347	8	4	4
6566	0.000026744406	17	15	2
245711	0.000014451002	9	2	7
65009	0.000047497516	19	15	4
100127888	0.000015015621	1	1	0
1910	0.000026522270	9	4	5
342897	0.000018775300	9	9	0
854261	0.000018432423	1	1	0
613227	0.000076028473	10	10	0
51205	0.000011549804	10	0	10
84883	0.000016362796	4	2	2
12005	0.000012398529	4	1	3
84101	0.000012042720	11	1	10
87769	0.000015512439	3	2	1
855625	0.000012972012	1	1	0
373863	0.000103853083	10	1	9
10841	0.000018982296	13	4	9
158880	0.000017146108	4	4	0
144402	0.000063942905	18	15	3
8807	0.000015522822	3	1	2
257218	0.000035800946	19	11	8
114821	0.000018250180	5	5	0
57402	0.000037487055	20	19	1
26005	0.000016859888	15	15	0
22993	0.000015340414	6	6	0
57045	0.000013866653	6	3	3
404665	0.000011549804	1	0	1
254896	0.000018750195	3	2	1
79858	0.000019500909	8	5	3
7357	0.000017444222	9	6	3
100423062	0.000015623203	11	9	2
18132	0.000012717626	2	1	1
15481	0.000013103540	2	2	0
8507	0.000029383778	11	7	4
968	0.000011670867	19	1	18
1419	0.000016275991	1	1	0
231413	0.000011549804	1	0	1
23024	0.000037520568	11	7	4
374879	0.000042080985	8	6	2
25626	0.000011601525	1	1	0
54097	0.000013920080	3	2	1
7855	0.000048840660	15	10	5
850314	0.000012972012	2	1	1
57189	0.000022637855	7	7	0
134526	0.000029100613	9	8	1
8603	0.000013458071	2	2	0
51226	0.000027548506	5	4	1
66624	0.000011549804	8	0	8
10814	0.000013322817	8	1	7
3354	0.000011549804	5	0	5
5498	0.000053478892	13	10	3
2250	0.000016342494	6	3	3
147525	0.000026554741	12	9	3
835281	0.000011549804	1	0	1
23432	0.000018054129	3	3	0
9640	0.000034390250	15	14	1
79864	0.000015416647	5	4	1
374899	0.000018188963	8	4	4
30941	0.000017215574	2	2	0
4668	0.000016552174	5	4	1
57104	0.000058304808	17	14	3
22847	0.000019495147	6	6	0
5729	0.000014604442	7	1	6
20168	0.000012892992	1	1	0
10329	0.000018903593	2	1	1
3235	0.000038854491	11	8	3
6569	0.000028778731	11	9	2
12567	0.000016476868	4	2	2
107951	0.000011549804	4	0	4
255167	0.000014416242	2	2	0
574288	0.000020441129	9	1	8
56062	0.000011771834	1	1	0
9956	0.000043714118	8	7	1
5260	0.000021886902	8	4	4
51248	0.000041039108	17	13	4
65980	0.000030398097	7	6	1
834430	0.000011988621	1	1	0
23102	0.000020748576	16	13	3
307200	0.000013714872	1	1	0
222894	0.000132634562	9	7	2
79879	0.000014806537	5	5	0
26949	0.000012892992	1	1	0
23259	0.000030693553	6	2	4
2901	0.000019454552	11	4	7
855277	0.000012972012	1	1	0
3696	0.000012737717	11	1	10
7109	0.000233737818	19	17	2
22881	0.000012790143	5	1	4
2817	0.000051681432	16	11	5
56911	0.000014120606	9	4	5
2703423	0.000013793777	2	1	1
23082	0.000016846016	12	6	6
287005	0.000011549804	1	0	1
7433	0.000032128220	20	11	9
114049	0.000025566191	21	11	10
4153	0.000019206306	10	3	7
100009074	0.000012963316	1	1	0
8325	0.000025508680	5	3	2
56443	0.000014448197	1	1	0
1464	0.000028122374	19	10	9
855998	0.000012972012	3	1	2
728411	0.000013361705	1	1	0
2733	0.000034857024	21	17	4
235559	0.000011549804	6	0	6
850914	0.000012972012	2	1	1
11119	0.000015970898	3	2	1
153561	0.000011549804	7	0	7
54900	0.000016093265	9	5	4
179554	0.000011549804	1	0	1
50485	0.000013699949	7	6	1
339366	0.000013612410	6	3	3
116519	0.000015241516	4	1	3
54963	0.000022071070	6	5	1
2531	0.000059225468	19	15	4
8798	0.000017825972	15	7	8
11093	0.000018302221	2	2	0
1233	0.000034476569	11	3	8
7318	0.000018858855	11	7	4
26834	0.000012502082	2	1	1
51555	0.000012244400	3	1	2
79070	0.000014651053	5	5	0
3786	0.000011549804	6	0	6
108699	0.000019808881	3	3	0
844433	0.000012265472	1	1	0
348303	0.000064919051	11	11	0
138716	0.000032922931	17	17	0
85444	0.000018748876	5	4	1
285175	0.000012620916	5	3	2
150771	0.000032624714	9	9	0
168400	0.000022307178	3	2	1
67203	0.000011549804	7	0	7
84951	0.000031277486	19	11	8
856208	0.000011549804	1	0	1
203522	0.000019061668	7	7	0
23423	0.000029021205	16	8	8
26749	0.000011549804	2	0	2
10156	0.000014124803	7	2	5
57585	0.000014432135	3	2	1
108679	0.000014681171	2	2	0
84300	0.000032578596	14	12	2
84911	0.000011549804	2	0	2
283209	0.000037030122	8	7	1
851323	0.000012972012	1	1	0
57414	0.000013418055	7	7	0
644890	0.000014161913	2	1	1
79582	0.000027078260	4	3	1
852037	0.000012972012	1	1	0
11010	0.000011549804	2	0	2
80824	0.000030331042	9	4	5
1776	0.000011549804	2	0	2
4439	0.000018396766	8	5	3
68083	0.000012282005	1	1	0
10804	0.000014623504	3	2	1
23443	0.000013618602	2	1	1
25821	0.000018290022	9	7	2
148534	0.000024398639	5	5	0
214899	0.000011549804	5	0	5
81573	0.000023133073	5	4	1
7580	0.000017700840	13	3	10
24180	0.000011549804	2	0	2
362392	0.000011601525	1	1	0
66989	0.000012645305	2	2	0
70218	0.000011549804	7	0	7
151871	0.000062551693	19	17	2
21	0.000015893833	10	10	0
112802	0.000033620373	24	18	6
9535	0.000019690818	3	2	1
375593	0.000012605518	1	1	0
16573	0.000011549804	12	0	12
64800	0.000015372552	5	3	2
7380	0.000013202817	3	1	2
80161	0.000013968643	2	2	0
4224	0.000019809164	21	4	17
83464	0.000013051532	5	1	4
50522	0.000023770905	8	6	2
29496	0.000011549804	1	0	1
83937	0.000024674294	7	7	0
79572	0.000013102035	5	5	0
4887	0.000016521257	4	1	3
7982	0.000024457907	17	14	3
18286	0.000011549804	3	0	3
5031	0.000011954055	13	2	11
389114	0.000015351411	4	3	1
27285	0.000011549804	15	0	15
171558	0.000017361363	8	4	4
29957	0.000020552863	15	15	0
165100	0.000029626449	9	7	2
285315	0.000026814064	7	6	1
55776	0.000014343069	2	2	0
5620	0.000011549804	5	0	5
3512	0.000017749015	4	3	1
7770	0.000019140696	7	6	1
2794	0.000056874795	22	18	4
8568	0.000016309164	15	15	0
51149	0.000016191302	3	3	0
16443	0.000012997449	3	2	1
839501	0.000012265472	1	1	0
79836	0.000020121897	9	6	3
290704	0.000011601525	1	1	0
7223	0.000050267469	14	9	5
16177	0.000013029428	1	1	0
57657	0.000018856938	3	3	0
93663	0.000013879783	2	2	0
374666	0.000073552977	19	18	1
100130561	0.000012268599	3	3	0
20512	0.000012963316	1	1	0
18693	0.000014239527	1	1	0
26099	0.000021121224	12	7	5
5232	0.000051828742	20	12	8
24242	0.000014249349	2	2	0
272	0.000016170633	4	3	1
51668	0.000035076304	5	4	1
57179	0.000029666617	19	14	5
57533	0.000017559546	7	7	0
54665	0.000027914917	11	8	3
79612	0.000058701970	17	15	2
388965	0.000028600057	1	1	0
55119	0.000036843478	11	11	0
8816	0.000056534439	25	13	12
201255	0.000021873530	11	8	3
121549	0.000021408744	7	7	0
81285	0.000011549804	8	0	8
170920	0.000014536420	1	1	0
200734	0.000065309632	30	19	11
7016	0.000060406495	13	11	2
554235	0.000023434244	9	3	6
25763	0.000017152567	7	5	2
9510	0.000088448428	18	15	3
2018	0.000013603777	6	1	5
20843	0.000011549804	14	0	14
12419	0.000028704726	5	3	2
407006	0.000012526423	1	1	0
138065	0.000059129482	10	8	2
29103	0.000020977567	6	4	2
123591	0.000021882236	2	2	0
54947	0.000012498493	5	5	0
81553	0.000014346065	1	1	0
387921	0.000016437886	8	8	0
850713	0.000014096875	1	1	0
345930	0.000012982837	1	1	0
5636	0.000037993217	19	15	4
70603	0.000012917646	1	1	0
850636	0.000012972012	1	1	0
12234	0.000011549804	1	0	1
7047	0.000026077926	4	4	0
24516	0.000012239418	1	1	0
850974	0.000012972012	1	1	0
22871	0.000038260856	6	3	3
854735	0.000015644622	2	2	0
76895	0.000012993377	4	1	3
55137	0.000015375692	4	4	0
9235	0.000015016890	14	1	13
23600	0.000015821656	5	3	2
80851	0.000027657734	8	8	0
84455	0.000038191230	4	4	0
8538	0.000017140201	3	3	0
90324	0.000017574385	13	11	2
11020	0.000015704782	5	4	1
80339	0.000012144307	4	1	3
84282	0.000023747453	10	9	1
854651	0.000012972012	1	1	0
10150	0.000020209619	9	8	1
4114	0.000011815544	2	1	1
202134	0.000014372090	8	1	7
84059	0.000017233626	8	8	0
5069	0.000040368045	17	12	5
51250	0.000013055758	4	2	2
65250	0.000018637782	7	7	0
65124	0.000015907368	4	4	0
151647	0.000015373806	2	1	1
72199	0.000011753654	5	1	4
23161	0.000024439381	6	3	3
4520	0.000019636434	6	2	4
2649	0.000016115350	5	2	3
84524	0.000018744935	13	6	7
208266	0.000017364704	2	2	0
10058	0.000022332924	14	12	2
80726	0.000048922380	13	10	3
200185	0.000013750951	12	5	7
2848	0.000012629727	11	1	10
221806	0.000012200162	3	3	0
54827	0.000014295713	2	2	0
375607	0.000019575496	2	2	0
440670	0.000011549804	1	0	1
254042	0.000011830508	1	1	0
2894	0.000017535245	4	3	1
140803	0.000011549804	4	0	4
6618	0.000023993978	6	3	3
25833	0.000013571452	3	2	1
13016	0.000020863955	5	3	2
259217	0.000028153674	13	12	1
100133941	0.000011549804	3	0	3
386618	0.000036479973	6	6	0
684	0.000026101147	17	11	6
4947	0.000017052043	6	5	1
9988	0.000025282422	6	4	2
90187	0.000033287300	12	12	0
23474	0.000019024311	13	4	9
66905	0.000016877266	1	1	0
55240	0.000022485000	15	12	3
1800	0.000011549804	2	0	2
1506	0.000015624265	7	1	6
822042	0.000012265472	1	1	0
23924	0.000015925597	12	1	11
54982	0.000023512422	12	9	3
441046	0.000024752003	4	4	0
64434	0.000035362248	17	17	0
146433	0.000011864452	3	1	2
575	0.000022407037	20	7	13
51389	0.000016471880	5	3	2
26119	0.000026710277	19	9	10
14226	0.000016476868	2	2	0
100137047	0.000055287424	7	7	0
15505	0.000012886006	18	2	16
158067	0.000073233250	15	13	2
22915	0.000012968887	14	2	12
84787	0.000011601710	10	1	9
852606	0.000012972012	1	1	0
728242	0.000012630475	1	1	0
23101	0.000012803824	2	1	1
214669	0.000011549804	10	0	10
281794	0.000012910231	1	1	0
7125	0.000019018217	5	2	3
83556	0.000011753654	1	1	0
121665	0.000011589791	1	1	0
608	0.000018186665	7	4	3
339479	0.000012850220	1	1	0
7287	0.000015878755	3	3	0
65999	0.000015192133	6	3	3
760	0.000074626549	20	13	7
79366	0.000039941773	8	7	1
403341	0.000400085121	7	7	0
7767	0.000017289814	5	3	2
85481	0.000012605518	10	1	9
115861	0.000013051252	4	4	0
27102	0.000026348574	9	6	3
3664	0.000013150350	8	2	6
1812	0.000024378718	13	3	10
55089	0.000011549804	1	0	1
2701	0.000015640337	3	3	0
774	0.000054694822	15	10	5
7220	0.000109493114	25	19	6
80760	0.000030114644	10	10	0
100885850	0.000015499520	7	1	6
63925	0.000022569257	14	7	7
50688	0.000013799666	2	1	1
91947	0.000012427007	7	1	6
130271	0.000021191685	4	4	0
79923	0.000023244881	6	4	2
54058	0.000021962821	12	8	4
8690	0.000011549804	5	0	5
166815	0.000013514735	1	1	0
11126	0.000015473370	6	2	4
8715	0.000035792544	13	10	3
587	0.000034812298	13	6	7
4973	0.000017304502	3	3	0
2542	0.000012747102	3	3	0
55619	0.000012002207	3	1	2
856924	0.000012972012	9	1	8
9332	0.000016373638	6	4	2
19348	0.000011549804	10	0	10
399947	0.000453142054	20	20	0
389434	0.000020818221	3	2	1
136853	0.000059827225	32	24	8
69721	0.000021631831	4	4	0
2000	0.000022435192	12	7	5
51374	0.000015599166	4	3	1
53345	0.000015756828	3	1	2
228836	0.000011549804	7	0	7
85013	0.000046990083	13	9	4
58505	0.000013025595	6	4	2
116068	0.000011617002	2	2	0
80071	0.000013727511	4	3	1
851631	0.000016648552	2	2	0
7748	0.000015015697	3	3	0
50515	0.000023238544	9	4	5
51083	0.000042730051	9	8	1
7011	0.000030247732	13	8	5
1841	0.000015766944	21	8	13
26404	0.000011549804	6	0	6
149708	0.000022499242	8	4	4
84258	0.000022969535	5	3	2
2540727	0.000011549804	2	0	2
2134	0.000011549804	3	0	3
90655	0.000029910445	4	4	0
10732	0.000013295167	1	1	0
7120	0.000013532255	3	2	1
55008	0.000013036297	6	2	4
219790	0.000014623077	5	4	1
13445	0.000011549804	13	0	13
5021	0.000019808104	5	3	2
290	0.000029486222	7	5	2
4071	0.000030390890	13	7	6
55425	0.000022669401	15	15	0
79589	0.000048310090	17	10	7
8436	0.000041570448	14	8	6
57057	0.000021678442	7	3	4
398680	0.000014565362	1	1	0
881	0.000017336149	2	1	1
4053	0.000024016789	3	3	0
79012	0.000015539705	9	8	1
64131	0.000014118443	3	3	0
5273	0.000012606190	1	1	0
65989	0.000014104437	4	2	2
149175	0.000015158987	7	7	0
339416	0.000026049760	3	2	1
55100	0.000027314324	14	13	1
1979	0.000028294116	9	8	1
1719	0.000019551072	16	6	10
78973	0.000011549804	2	0	2
9617	0.000012714037	2	2	0
64711	0.000012777885	8	1	7
81493	0.000033648499	11	10	1
214597	0.000011549804	34	0	34
6746	0.000016903704	8	4	4
833475	0.000021959552	1	1	0
22875	0.000012782204	5	5	0
132949	0.000012911774	1	1	0
63887	0.000011549804	2	0	2
56923	0.000020902931	7	4	3
56271	0.000011929420	2	1	1
54790	0.000044213959	6	5	1
22318	0.000011549804	7	0	7
281849	0.000011549804	1	0	1
641371	0.000017951296	6	4	2
284836	0.000017748010	1	1	0
400714	0.000019852568	7	3	4
7596	0.000017287115	3	3	0
116689	0.000023863605	1	1	0
84320	0.000029410284	5	4	1
388389	0.000035299755	13	13	0
26010	0.000013847151	16	10	6
3227	0.000019075784	16	5	11
390916	0.000033622164	6	6	0
25909	0.000028640618	24	21	3
440686	0.000019328368	7	7	0
853418	0.000012972012	2	1	1
153642	0.000017673964	13	13	0
6083	0.000012015528	2	2	0
245812	0.000014407885	4	2	2
26032	0.000013522852	3	3	0
10157	0.000015459513	7	5	2
337969	0.000031419031	15	12	3
7567	0.000017093366	4	2	2
50883	0.000011549804	4	0	4
28954	0.000023058165	10	4	6
214987	0.000012538857	1	1	0
441273	0.000020974348	4	4	0
79776	0.000012565292	7	6	1
50624	0.000011549804	1	0	1
80336	0.000015020970	3	3	0
6818	0.000032128526	16	10	6
285605	0.000011549804	11	0	11
5189	0.000029298431	11	10	1
2567	0.000038255282	8	8	0
29113	0.000015852487	8	3	5
9899	0.000017016468	3	2	1
9718	0.000024996120	13	7	6
8760	0.000035690161	16	13	3
19249	0.000011549804	7	0	7
129080	0.000013981438	7	1	6
150275	0.000019175738	9	4	5
51266	0.000016819590	2	2	0
138639	0.000015896082	3	3	0
25956	0.000017963123	11	4	7
56403	0.000012249679	1	1	0
2703383	0.000011611955	1	1	0
65259	0.000013381220	2	2	0
6242	0.000043496490	17	11	6
26261	0.000012730509	5	2	3
225659	0.000011549804	19	0	19
56052	0.000012458480	7	6	1
257169	0.000014275216	2	1	1
22986	0.000019404038	4	3	1
2703439	0.000011611955	2	1	1
728489	0.000024218283	5	5	0
1139	0.000012474168	6	2	4
169436	0.000019259211	4	4	0
54758	0.000016540276	10	5	5
23051	0.000029141416	9	7	2
22378	0.000013430584	1	1	0
6337	0.000029808362	23	8	15
7692	0.000017119692	7	5	2
170959	0.000013709473	4	4	0
145873	0.000011549804	3	0	3
79633	0.000017657066	9	9	0
56156	0.000024870092	2	2	0
5194	0.000016314557	9	4	5
440461	0.000061073495	10	10	0
441241	0.000058010080	7	5	2
3250	0.000017812810	5	3	2
30848	0.000024159618	10	9	1
10695	0.000017672383	15	7	8
84230	0.000013074621	5	4	1
4201	0.000033832689	11	8	3
51634	0.000032024659	12	9	3
518399	0.000013650604	1	1	0
24873	0.000017661068	2	2	0
84268	0.000020137748	10	7	3
54344	0.000027897209	11	10	1
25837	0.000019661403	10	7	3
145270	0.000011549804	1	0	1
23080	0.000022749369	10	10	0
10023	0.000014615526	19	3	16
53616	0.000092015237	16	9	7
9211	0.000025201516	2	2	0
55721	0.000016853003	4	3	1
1997	0.000025284800	19	5	14
852346	0.000012972012	1	1	0
148738	0.000012682499	2	1	1
18074	0.000013494903	1	1	0
169355	0.000015370919	2	2	0
1773	0.000017336149	4	1	3
71175	0.000011549804	7	0	7
643853	0.000015772717	11	11	0
12070	0.000016194365	2	1	1
6355	0.000068075217	10	9	1
25851	0.000029850931	10	3	7
9134	0.000029614461	17	9	8
2585	0.000026116844	8	4	4
346562	0.000016721917	4	4	0
819759	0.000012265472	1	1	0
5046	0.000016691792	7	3	4
27443	0.000022887867	6	3	3
51601	0.000011549804	8	0	8
10247	0.000043458442	23	14	9
26224	0.000024138435	16	8	8
80194	0.000012111539	3	3	0
3833	0.000035114014	16	14	2
51016	0.000023064280	5	5	0
9679	0.000015575078	4	4	0
51093	0.000011589791	1	1	0
81551	0.000015626733	4	2	2
54899	0.000011549804	9	0	9
5167	0.000031430366	21	11	10
145553	0.000012467128	3	2	1
58522	0.000011549804	1	0	1
215821	0.000012892992	1	1	0
26152	0.000016077902	11	4	7
7993	0.000020191733	11	7	4
55640	0.000012080127	2	2	0
59020	0.000011753654	1	1	0
26090	0.000012708890	5	4	1
140486	0.000012249679	1	1	0
647979	0.000011706802	2	2	0
63924	0.000012986999	7	2	5
57456	0.000025204451	11	9	2
388228	0.000020329653	6	6	0
29800	0.000013492828	15	4	11
8438	0.000024764031	9	7	2
350383	0.000017026044	1	1	0
1305	0.000011549804	6	0	6
6957	0.000019687157	4	3	1
788	0.000043919497	15	14	1
8630	0.000011549804	11	0	11
57478	0.000011549804	2	0	2
215280	0.000012538857	1	1	0
4969	0.000013177216	10	2	8
201895	0.000022783593	5	4	1
128486	0.000013136058	3	3	0
134187	0.000014595716	2	1	1
55561	0.000014920596	6	2	4
80325	0.000015941402	6	5	1
100505724	0.000011752301	1	1	0
192193	0.000023208413	2	2	0
10085	0.000014582156	10	6	4
856494	0.000012972012	1	1	0
166378	0.000017228379	10	10	0
54413	0.000029983958	9	2	7
729515	0.000041654468	4	4	0
9175	0.000031135182	7	4	3
5616	0.000014626610	8	3	5
67877	0.000020541083	4	4	0
72433	0.000019902402	5	5	0
146909	0.000021621897	11	11	0
221188	0.000011674794	1	1	0
80352	0.000021320237	8	4	4
444499	0.000011549804	1	0	1
474381	0.000027239187	2	2	0
51164	0.000051788160	37	26	11
66087	0.000011549804	10	0	10
445347	0.000011549804	1	0	1
361984	0.000011601525	1	1	0
150244	0.000012199445	3	1	2
129530	0.000012622830	1	1	0
4968	0.000022076204	8	4	4
84094	0.000012762046	1	1	0
54762	0.000095972459	7	7	0
26820	0.000012086983	3	3	0
852327	0.000012972012	1	1	0
169693	0.000011683148	1	1	0
79083	0.000017907533	7	3	4
387837	0.000048006256	12	12	0
22145	0.000012963316	1	1	0
115004	0.000013986009	6	6	0
20740	0.000018052610	5	5	0
67839	0.000011549804	11	0	11
108000	0.000016779130	15	2	13
362242	0.000014510700	2	2	0
851152	0.000012972012	1	1	0
4124	0.000029673136	12	9	3
610457	0.000012953326	1	1	0
12866	0.000012963316	1	1	0
4336	0.000011819338	12	1	11
406912	0.000012526423	1	1	0
124751	0.000013665760	6	6	0
12539	0.000011753654	19	1	18
162605	0.000053723203	18	16	2
780851	0.000012644896	1	1	0
55103	0.000027145672	5	5	0
1045	0.000013180678	24	3	21
10585	0.000023462933	16	15	1
732	0.000022570338	4	3	1
93109	0.000015591414	3	2	1
84328	0.000022972027	6	5	1
4319	0.000017649475	4	3	1
8501	0.000011696440	2	1	1
55316	0.000019268191	5	5	0
830019	0.000017555970	2	2	0
729262	0.000011864452	1	1	0
55861	0.000025078243	6	6	0
81563	0.000019672653	6	6	0
163259	0.000017080882	2	2	0
367562	0.000011601525	1	1	0
221472	0.000022323876	6	5	1
79993	0.000014500562	3	2	1
84467	0.000033818732	13	13	0
24189	0.000013799666	1	1	0
254773	0.000020732559	6	6	0
12785	0.000011549804	2	0	2
25974	0.000011549804	2	0	2
80005	0.000100420073	20	19	1
2262	0.000015440661	2	2	0
55334	0.000012255513	8	3	5
9487	0.000084948736	7	7	0
147744	0.000020527740	7	5	2
353116	0.000026791104	6	6	0
79933	0.000029970926	7	7	0
28983	0.000012033716	1	1	0
3077513	0.000018643812	3	2	1
90288	0.000011875523	2	2	0
84816	0.000069463979	27	23	4
386672	0.000027132524	9	9	0
23767	0.000017517097	2	2	0
284	0.000022523208	4	2	2
26034	0.000011549804	5	0	5
219844	0.000012094253	3	1	2
219557	0.000012033716	1	1	0
3679	0.000020903451	18	13	5
56889	0.000014067803	7	7	0
56033	0.000018738863	7	5	2
1113	0.000024376314	8	7	1
80728	0.000022958170	13	13	0
140893	0.000029904810	9	9	0
217342	0.000028768547	3	3	0
5068	0.000024264834	6	3	3
79792	0.000018496724	6	4	2
4161	0.000037569883	5	3	2
80323	0.000013179897	14	2	12
100506164	0.000067010858	11	6	5
15526	0.000013588551	3	3	0
1638	0.000011549804	4	0	4
246	0.000013229088	6	2	4
55665	0.000014072675	3	2	1
79831	0.000018675578	5	4	1
2796	0.000012565810	7	1	6
100529067	0.000011549804	6	0	6
381990	0.000011549804	6	0	6
651746	0.000011635347	1	1	0
65975	0.000019721519	10	2	8
1293	0.000011644708	9	1	8
5613	0.000032067776	11	10	1
140690	0.000031497717	9	5	4
5173	0.000022534845	10	3	7
46156	0.000011549804	3	0	3
445328	0.000011589791	1	1	0
339168	0.000018067223	2	2	0
85441	0.000016643466	7	7	0
134288	0.000021971084	6	5	1
56233	0.000016397200	2	1	1
23772	0.000017348168	1	1	0
7139	0.000053210766	11	8	3
283455	0.000017305803	8	4	4
91664	0.000012333238	2	2	0
828859	0.000012265472	1	1	0
6536	0.000020553439	7	6	1
50837	0.000011549804	13	0	13
260294	0.000011674794	2	1	1
116369	0.000012959540	2	1	1
2565	0.000012487240	1	1	0
1559	0.000027966649	12	7	5
9808	0.000018748042	3	1	2
124925	0.000025114971	3	3	0
56670	0.000011549804	1	0	1
142684	0.000018457531	12	2	10
50615	0.000016793848	4	2	2
55884	0.000024852816	9	8	1
58492	0.000015158117	9	3	6
84276	0.000015946985	3	2	1
552900	0.000024585618	13	13	0
27122	0.000024096446	12	9	3
12321	0.000011753654	5	1	4
1071	0.000015091490	6	2	4
12805	0.000012963316	1	1	0
146894	0.000013880102	5	1	4
593	0.000077324069	15	15	0
54596	0.000012543772	20	1	19
11107	0.000025108690	10	6	4
284004	0.000016528324	11	2	9
150538	0.000012356134	1	1	0
85371	0.000024456056	4	4	0
6295	0.000015083006	6	5	1
6329	0.000021943735	10	6	4
855426	0.000012972012	1	1	0
854664	0.000012972012	1	1	0
851532	0.000012972012	1	1	0
150280	0.000012716322	1	1	0
124460	0.000024948856	9	7	2
51944	0.000011549804	3	0	3
729359	0.000014981865	4	3	1
146206	0.000013379334	4	4	0
852798	0.000012972012	1	1	0
114960	0.000012162092	3	1	2
3494	0.000041552070	12	12	0
259197	0.000011549804	4	0	4
1443	0.000022009858	9	6	3
9152	0.000017955627	3	2	1
122011	0.000023501174	12	10	2
23620	0.000011549804	1	0	1
12042	0.000016137778	1	1	0
154791	0.000019556084	5	5	0
84000	0.000013734577	4	4	0
21849	0.000019985491	23	3	20
79818	0.000013465344	2	2	0
1906	0.000018634325	15	5	10
54432	0.000013718798	8	4	4
4935	0.000013514735	3	1	2
72320	0.000011549804	21	0	21
90139	0.000028961885	10	7	3
851000	0.000018375208	3	2	1
6588	0.000011549804	7	0	7
4598	0.000038637733	15	13	2
342977	0.000013942848	3	1	2
768211	0.000019402294	5	3	2
256380	0.000011549804	3	0	3
55625	0.000025849397	14	7	7
101290500	0.000015248644	1	1	0
266692	0.000012993377	2	1	1
55845	0.000061526060	20	18	2
19045	0.000016286125	3	3	0
8898	0.000041426626	13	9	4
89910	0.000019981200	7	7	0
55676	0.000058696282	15	8	7
284083	0.000020981971	2	2	0
2358	0.000012848855	2	1	1
26548	0.000018160085	11	2	9
149069	0.000031646727	8	7	1
391634	0.000027170876	21	19	2
284459	0.000012356419	1	1	0
375757	0.000011549804	2	0	2
286151	0.000021427935	5	3	2
58528	0.000033510130	11	5	6
182	0.000021012974	12	4	8
300053	0.000011601525	1	1	0
64114	0.000038216325	9	7	2
140883	0.000012097135	2	2	0
26133	0.000033530494	24	12	12
11789	0.000011549804	9	0	9
10809	0.000012403525	4	1	3
65267	0.000029207904	7	4	3
388272	0.000037869313	7	7	0
2875	0.000018181160	5	4	1
117550	0.000011601525	1	1	0
128077	0.000024731041	6	6	0
12578	0.000013775201	4	2	2
57476	0.000013772265	1	1	0
2692	0.000011549804	3	0	3
9210	0.000022150536	6	2	4
283106	0.000011549804	1	0	1
343068	0.000011549804	3	0	3
653619	0.000014824689	1	1	0
19645	0.000017995780	5	4	1
135398	0.000013669550	2	2	0
284802	0.000023368944	5	4	1
81793	0.000036215647	11	9	2
13831	0.000014783635	1	1	0
55521	0.000019697322	17	10	7
1427	0.000012589719	4	3	1
23469	0.000026551012	14	10	4
834435	0.000012265472	1	1	0
51306	0.000024685593	8	7	1
79794	0.000014216537	3	3	0
203054	0.000012723116	7	4	3
3237	0.000013605602	2	1	1
2540666	0.000011549804	5	0	5
359710	0.000019843576	2	2	0
6898	0.000024899247	8	6	2
22874	0.000019665315	7	6	1
51151	0.000011549804	1	0	1
5196	0.000022458876	11	4	7
7056	0.000043325355	6	6	0
18951	0.000013325742	2	2	0
67604	0.000011549804	22	0	22
7293	0.000032784253	8	6	2
23617	0.000067297903	10	5	5
222256	0.000028771000	3	2	1
1307	0.000012990511	2	1	1
5646	0.000097399215	11	10	1
58494	0.000039256579	12	7	5
83700	0.000040133579	7	7	0
79822	0.000012031326	1	1	0
84767	0.000016633567	3	3	0
2535	0.000020731503	12	9	3
84014	0.000013882894	1	1	0
17928	0.000017414754	2	2	0
3818	0.000033364686	8	6	2
4259	0.000021583915	19	14	5
68539	0.000014830334	14	1	13
22899	0.000019017997	11	6	5
853091	0.000012972012	1	1	0
57786	0.000044011657	32	21	11
7516	0.000042584751	13	10	3
34881	0.000011549804	2	0	2
84549	0.000025129724	17	16	1
54465	0.000012154367	5	1	4
285533	0.000011549804	2	0	2
20617	0.000019631126	2	2	0
54852	0.000011549804	2	0	2
253635	0.000027974612	10	10	0
260434	0.000013562040	2	2	0
55809	0.000020078913	11	9	2
57113	0.000051794551	5	4	1
646875	0.000011795132	1	1	0
1519	0.000023755188	5	2	3
13429	0.000013204903	1	1	0
235623	0.000012751848	2	1	1
282126	0.000012948413	1	1	0
9108	0.000012658114	3	1	2
344018	0.000020174888	7	6	1
23646	0.000037043909	27	24	3
50964	0.000013309818	4	1	3
120224	0.000018309783	3	2	1
130355	0.000012033716	1	1	0
2538711	0.000014143077	1	1	0
57091	0.000022455781	5	5	0
284958	0.000012130191	1	1	0
161145	0.000033957167	5	4	1
4247	0.000029596721	8	7	1
4248	0.000043673826	5	5	0
25805	0.000060415745	10	10	0
55841	0.000027642988	12	7	5
54923	0.000018083817	6	5	1
6578	0.000012403525	1	1	0
552	0.000017128740	3	3	0
3067	0.000044185885	10	3	7
60331	0.000011982554	1	1	0
91351	0.000023091726	4	4	0
10773	0.000024276024	14	5	9
53632	0.000012158125	11	2	9
4857	0.000028018010	10	8	2
244416	0.000011549804	9	0	9
119710	0.000012117697	10	1	9
2232	0.000027237141	12	8	4
338324	0.000012844049	3	2	1
79568	0.000018053209	10	7	3
100129271	0.000013167705	2	2	0
2944	0.000023899627	8	6	2
852680	0.000019303813	2	2	0
3547	0.000055175934	12	7	5
84102	0.000020690263	9	5	4
60681	0.000019648010	22	9	13
83815	0.000011549804	8	0	8
6000	0.000043502833	17	13	4
166968	0.000024168382	6	6	0
83607	0.000021851009	10	7	3
3783728	0.000011549804	2	0	2
56157	0.000020741413	5	2	3
64410	0.000018046349	4	4	0
610	0.000022470816	7	6	1
389799	0.000012543085	2	1	1
84923	0.000018533594	5	5	0
64430	0.000015214100	3	3	0
400735	0.000014876595	2	2	0
440515	0.000013384828	1	1	0
9214	0.000022834364	3	1	2
23312	0.000026863082	9	8	1
5912	0.000029634273	14	9	5
84851	0.000029380397	5	4	1
55798	0.000014886181	5	2	3
7739	0.000011908828	7	1	6
3537	0.000012168207	6	2	4
9697	0.000026126424	6	6	0
9364	0.000011549804	1	0	1
84904	0.000014723525	4	3	1
80350	0.000023734517	9	8	1
79134	0.000011722166	1	1	0
80309	0.000018769154	4	2	2
5754	0.000017101893	14	9	5
83483	0.000021644552	8	2	6
11086	0.000012940290	1	1	0
80345	0.000018125007	6	3	3
254065	0.000015123474	7	7	0
56903	0.000020670413	5	4	1
158866	0.000033424457	5	3	2
14199	0.000011971188	4	1	3
55347	0.000022304993	10	9	1
60678	0.000032573398	20	15	5
11249	0.000011549804	20	0	20
1442	0.000020701008	12	5	7
25943	0.000012691061	2	2	0
54769	0.000016870770	5	2	3
26085	0.000011549804	6	0	6
92104	0.000017187023	5	5	0
81706	0.000015068562	5	3	2
6354	0.000042976079	20	15	5
52864	0.000011549804	4	0	4
160492	0.000011549804	2	0	2
54934	0.000017870849	8	6	2
783	0.000027645287	8	5	3
137529	0.000017043742	3	3	0
135152	0.000018852245	3	1	2
56349	0.000034005930	4	4	0
51710	0.000016532612	4	4	0
147	0.000015553000	14	4	10
254863	0.000021512070	17	11	6
112597	0.000023736585	7	5	2
18392	0.000011549804	5	0	5
439927	0.000022361016	5	5	0
3177	0.000011917490	4	1	3
646785	0.000011795132	1	1	0
25917	0.000054583167	19	11	8
23548	0.000042392316	10	7	3
9071	0.000013036966	5	3	2
2675	0.000012039191	3	1	2
6865	0.000014005967	4	1	3
67972	0.000012892992	1	1	0
144363	0.000025178799	5	5	0
163859	0.000020194992	11	9	2
2922	0.000012816977	5	1	4
2925	0.000014434869	2	2	0
2703357	0.000011611955	4	1	3
2294	0.000013570165	14	2	12
851212	0.000012972012	2	1	1
51528	0.000015028539	9	2	7
3783745	0.000012514307	1	1	0
56228	0.000015082677	1	1	0
27178	0.000038461522	9	7	2
2525	0.000014866155	7	1	6
2992	0.000068862435	19	14	5
79884	0.000018031634	9	7	2
17938	0.000011549804	1	0	1
116657	0.000011601525	1	1	0
114299	0.000041269819	14	7	7
53885	0.000011549804	10	0	10
160824	0.000031040276	3	2	1
124152	0.000015228916	1	1	0
343099	0.000027970145	25	25	0
84937	0.000047683977	28	15	13
365895	0.000014164595	1	1	0
856748	0.000012972012	1	1	0
56899	0.000034309073	14	11	3
3903	0.000016017852	4	2	2
145447	0.000011549804	1	0	1
5142	0.000026446135	33	25	8
79786	0.000024266726	10	10	0
497049	0.000037690707	3	3	0
114774	0.000013535406	1	1	0
7802	0.000020315451	9	6	3
6447	0.000022706353	8	4	4
398024	0.000011549804	3	0	3
79984	0.000016742496	3	3	0
51118	0.000013942515	10	4	6
79896	0.000016564365	6	6	0
26287	0.000042624304	10	7	3
256126	0.000054013913	10	8	2
8492	0.000011549804	4	0	4
131578	0.000045621653	25	25	0
2541863	0.000013168840	2	1	1
26751	0.000013718400	8	3	5
850846	0.000012972012	1	1	0
26020	0.000018255040	13	9	4
30815	0.000087916107	5	4	1
1347	0.000026877566	23	9	14
8693	0.000020997268	4	3	1
3229	0.000023446261	17	14	3
850658	0.000011549804	1	0	1
344148	0.000017582234	8	7	1
387751	0.000012130859	2	2	0
56515	0.000015968009	3	3	0
1160	0.000022411468	12	4	8
853800	0.000012972012	1	1	0
83473	0.000015988035	5	4	1
851824	0.000012972012	1	1	0
59350	0.000011674794	4	1	3
117579	0.000024680348	3	3	0
649330	0.000012006213	1	1	0
692224	0.000012696855	2	2	0
21844	0.000012762046	1	1	0
643904	0.000011829092	1	1	0
33565	0.000011549804	2	0	2
113444	0.000012028327	2	2	0
728137	0.000019803072	2	2	0
117039	0.000011601525	1	1	0
1611	0.000011549804	3	0	3
75580	0.000014655435	1	1	0
26395	0.000011549804	2	0	2
84166	0.000011549804	4	0	4
20910	0.000014306504	2	2	0
74838	0.000011549804	13	0	13
192234	0.000012951140	3	2	1
6289	0.000018498794	4	4	0
15182	0.000013522797	3	1	2
855149	0.000012972012	1	1	0
308051	0.000013607340	1	1	0
100302090	0.000017509795	11	11	0
851670	0.000011549804	1	0	1
143630	0.000017708619	3	2	1
151507	0.000014934819	3	3	0
6692	0.000047191158	7	5	2
652966	0.000011972613	1	1	0
157769	0.000019505547	11	11	0
23108	0.000018458912	6	4	2
9123	0.000018112967	12	7	5
100355961	0.000011549804	1	0	1
56165	0.000021864619	7	7	0
55245	0.000018530696	8	6	2
534	0.000013419942	5	3	2
91355	0.000013862571	2	2	0
92304	0.000024823285	9	9	0
84933	0.000012543302	1	1	0
6833	0.000068742182	6	3	3
400720	0.000013373343	3	3	0
50799	0.000012963316	1	1	0
145264	0.000056117848	12	12	0
2827	0.000025371107	5	2	3
79004	0.000021931849	19	6	13
19329	0.000016704767	2	2	0
5002	0.000018867172	5	5	0
150946	0.000014649524	5	4	1
1446	0.000048034323	18	10	8
54858	0.000014769628	11	3	8
121274	0.000117264979	5	4	1
11070	0.000012206808	6	4	2
2919	0.000021226993	12	7	5
81566	0.000022025159	6	6	0
91181	0.000015326203	1	1	0
853002	0.000012907449	1	1	0
79054	0.000019192544	7	3	4
24784	0.000011549804	1	0	1
11118	0.000011549804	4	0	4
5681	0.000017676803	5	4	1
5655	0.000025014824	10	7	3
1815	0.000016943439	13	3	10
115939	0.000020462134	10	10	0
80000	0.000011706802	2	2	0
9127	0.000013599100	5	1	4
440087	0.000018829547	3	3	0
19358	0.000013903435	1	1	0
23590	0.000014353647	3	3	0
623	0.000020170695	2	2	0
100383	0.000011549804	7	0	7
12952	0.000011549804	14	0	14
977	0.000021966249	14	6	8
150962	0.000018127299	5	4	1
22869	0.000013333974	2	2	0
850633	0.000014527030	3	2	1
28577	0.000013234087	2	2	0
71954	0.000015899060	2	2	0
444874	0.000036725737	7	6	1
5118	0.000015772150	4	3	1
10279	0.000011752301	2	1	1
373544	0.000011601525	1	1	0
54866	0.000011549804	4	0	4
11215	0.000052635978	29	22	7
2897	0.000012294506	6	1	5
13858	0.000015112083	9	1	8
110651	0.000011549804	2	0	2
79456	0.000011549804	9	0	9
51816	0.000012320656	1	1	0
1317	0.000015496329	6	5	1
113675	0.000012173008	2	1	1
375287	0.000014917086	2	2	0
64090	0.000012465851	2	1	1
67003	0.000012963316	1	1	0
139818	0.000018645435	3	3	0
66889	0.000012311289	1	1	0
100291837	0.000011549804	3	0	3
57718	0.000017159001	2	2	0
285733	0.000012083765	1	1	0
3779	0.000016939043	6	3	3
131544	0.000017244117	6	6	0
352910	0.000011549804	1	0	1
55218	0.000016457691	6	6	0
10344	0.000014972639	6	2	4
6091	0.000029595104	15	10	5
21335	0.000011549804	2	0	2
79154	0.000018177860	6	2	4
22352	0.000011971188	6	1	5
56735	0.000012762046	1	1	0
115019	0.000011799536	1	1	0
2667	0.000024390197	3	3	0
56894	0.000023196445	20	15	5
854114	0.000011549804	1	0	1
57642	0.000015836877	3	2	1
26084	0.000017843634	10	2	8
58222	0.000012892992	1	1	0
8722	0.000013185892	5	4	1
51309	0.000014720140	5	3	2
9180	0.000023079532	13	8	5
617	0.000038039279	13	8	5
4552	0.000102946086	16	14	2
9603	0.000013523175	11	1	10
17865	0.000014479881	2	2	0
139081	0.000013903754	3	3	0
79660	0.000017049128	9	3	6
10777	0.000012192895	2	2	0
16396	0.000019163022	5	4	1
201627	0.000023401730	8	8	0
26748	0.000011549804	2	0	2
93622	0.000011589791	1	1	0
90665	0.000012238981	2	2	0
13803	0.000013883560	1	1	0
286257	0.000017214408	4	2	2
145957	0.000027112569	3	2	1
100287428	0.000012836792	2	2	0
55567	0.000012108039	1	1	0
9480	0.000012494785	1	1	0
4146	0.000016908544	5	2	3
83595	0.000015086106	6	5	1
4961494	0.000017573304	8	1	7
852206	0.000012972012	1	1	0
66048	0.000011549804	15	0	15
256643	0.000014438340	2	2	0
55116	0.000028894080	7	7	0
112476	0.000017875771	10	1	9
23683	0.000024274624	16	8	8
5881	0.000066564813	24	17	7
150465	0.000016000079	3	3	0
138009	0.000011549804	6	0	6
65010	0.000063037416	17	14	3
360030	0.000012542295	1	1	0
79986	0.000011549804	1	0	1
164656	0.000013793540	3	1	2
5346	0.000013908315	3	1	2
64759	0.000040804143	21	17	4
280	0.000012849548	3	2	1
25840	0.000012415355	3	3	0
9069	0.000015235858	5	3	2
27133	0.000011549804	2	0	2
23381	0.000030749206	16	12	4
594855	0.000013872500	6	2	4
55285	0.000034310248	31	20	11
25950	0.000013766843	6	2	4
6025	0.000015167534	2	2	0
2044	0.000022533223	9	8	1
140564	0.000012627803	3	3	0
197335	0.000024014208	24	21	3
286205	0.000016624910	5	5	0
79849	0.000080895871	15	15	0
1179	0.000011753654	4	1	3
5875	0.000084527260	15	8	7
131408	0.000015957033	2	2	0
51268	0.000013197301	9	2	7
23460	0.000012878920	1	1	0
68475	0.000011549804	3	0	3
91252	0.000016213724	5	5	0
3788	0.000011549804	4	0	4
10227	0.000012039550	4	4	0
3077530	0.000014287224	2	2	0
186869	0.000011549804	1	0	1
388588	0.000127796943	12	12	0
64881	0.000014226912	7	7	0
23389	0.000042535025	37	21	16
10555	0.000013876479	11	1	10
51131	0.000018427591	7	5	2
158572	0.000040439504	8	7	1
17978	0.000019516208	4	2	2
12953	0.000011549804	4	0	4
442523	0.000023822170	5	3	2
153743	0.000013089243	3	2	1
7566	0.000014821542	5	2	3
115650	0.000015378327	6	3	3
22921	0.000017853207	6	5	1
54841	0.000014655177	4	2	2
157657	0.000011752301	1	1	0
14939	0.000011549804	3	0	3
677804	0.000012066040	2	2	0
503542	0.000014828183	1	1	0
79411	0.000012117697	2	1	1
83707	0.000020790088	6	5	1
57135	0.000024504899	5	3	2
55565	0.000019436129	8	6	2
6509	0.000015195778	4	4	0
201973	0.000016974767	4	4	0
57633	0.000013063422	1	1	0
146845	0.000011549804	5	0	5
55205	0.000014116338	3	3	0
100101467	0.000015383578	4	4	0
7474	0.000028227328	9	6	3
100294277	0.000011549804	5	0	5
283160	0.000011907096	2	1	1
226180	0.000012963316	1	1	0
129025	0.000026322901	3	2	1
60598	0.000013108053	7	2	5
676	0.000013146484	5	2	3
115273	0.000022557435	2	2	0
853536	0.000012972012	1	1	0
416	0.000011549804	1	0	1
84293	0.000014812131	4	3	1
9985	0.000015472923	4	1	3
23587	0.000022570424	8	8	0
396270	0.000013975988	1	1	0
24410	0.000016780234	2	2	0
113178	0.000015900261	7	7	0
64525	0.000014687569	4	4	0
54434	0.000032950090	17	11	6
239	0.000016416424	8	2	6
159371	0.000014924016	2	2	0
388115	0.000019025747	4	4	0
26381	0.000011549804	2	0	2
360570	0.000011601525	1	1	0
10090	0.000011863728	4	3	1
56521	0.000051409383	12	10	2
856289	0.000012972012	1	1	0
823585	0.000011549804	1	0	1
57136	0.000018206471	15	10	5
339123	0.000032717678	10	10	0
23660	0.000019125909	7	4	3
374395	0.000059158603	9	9	0
256281	0.000041054067	10	8	2
3589	0.000012624330	4	1	3
3590	0.000016217808	2	2	0
29106	0.000036415469	5	4	1
25825	0.000017224474	7	6	1
148979	0.000026676622	2	1	1
17760	0.000014306504	2	2	0
53831	0.000011549804	3	0	3
9258	0.000014694012	3	3	0
84932	0.000035974656	17	14	3
23335	0.000015832847	6	4	2
26998	0.000012972012	2	1	1
57462	0.000013530320	6	6	0
79451	0.000013026208	1	1	0
57713	0.000040239080	12	10	2
286297	0.000022794421	5	4	1
850360	0.000012972012	1	1	0
387101	0.000011549804	3	0	3
855319	0.000011549804	5	0	5
23315	0.000012391008	2	2	0
577	0.000012706400	3	1	2
163732	0.000016496772	11	3	8
284415	0.000029176490	2	2	0
440356	0.000015361755	1	1	0
6707	0.000039256950	9	8	1
54856	0.000016232837	4	4	0
5010	0.000019543902	9	5	4
67184	0.000014483636	2	2	0
84261	0.000020673069	6	5	1
150677	0.000014088568	4	2	2
26871	0.000046455364	12	11	1
1996	0.000014751719	8	3	5
83844	0.000022162696	4	3	1
54976	0.000021158484	6	5	1
90355	0.000039841882	13	11	2
16971	0.000015713481	1	1	0
66046	0.000012963316	1	1	0
2916	0.000015656212	2	2	0
7809	0.000016043626	6	3	3
23550	0.000011549804	2	0	2
26297	0.000014254749	8	4	4
2579	0.000011549804	2	0	2
2703392	0.000031066091	7	6	1
57645	0.000023531508	8	7	1
152579	0.000027373182	5	5	0
26873	0.000021817608	6	4	2
56226	0.000011549804	8	0	8
851565	0.000012972012	2	1	1
9770	0.000028007599	31	9	22
94137	0.000017856507	5	5	0
4961525	0.000011549804	7	0	7
2719	0.000025065489	10	6	4
26821	0.000013281786	2	2	0
23555	0.000016615407	9	6	3
338761	0.000083180503	9	9	0
56673	0.000011929849	12	2	10
150223	0.000012565815	2	2	0
54989	0.000018771138	8	8	0
338599	0.000065649160	14	12	2
4099	0.000025123932	19	4	15
1297	0.000012997249	9	1	8
342666	0.000035801075	3	3	0
2838	0.000083271958	2	1	1
116698	0.000011601525	1	1	0
55007	0.000041054847	17	10	7
653067	0.000018405427	6	3	3
23821	0.000011549804	6	0	6
9121	0.000011589791	4	1	3
12322	0.000014306504	2	2	0
152007	0.000040336380	9	7	2
57721	0.000015768629	7	3	4
25961	0.000017212073	3	1	2
105352	0.000011549804	2	0	2
4199	0.000053842581	20	14	6
9926	0.000019650325	16	13	3
2168	0.000017424077	5	4	1
51725	0.000012605518	1	1	0
23424	0.000026353019	12	7	5
231225	0.000011549804	9	0	9
75590	0.000011549804	4	0	4
653781	0.000018183597	4	4	0
5889	0.000042801189	20	14	6
11006	0.000011549804	3	0	3
10321	0.000011549804	1	0	1
301035	0.000011601525	1	1	0
84679	0.000030545920	3	2	1
63901	0.000013500140	3	3	0
606551	0.000011795132	1	1	0
329015	0.000011549804	2	0	2
84870	0.000011549804	2	0	2
58158	0.000023692124	4	4	0
18647	0.000020541083	4	4	0
12450	0.000011549804	3	0	3
20276	0.000012948413	1	1	0
269614	0.000011549804	7	0	7
1777	0.000013705197	7	3	4
80199	0.000019357003	5	5	0
89790	0.000021163203	7	6	1
26835	0.000022597306	4	4	0
7288	0.000015703024	6	6	0
26572	0.000014681171	2	2	0
10	0.000037092030	24	16	8
2978	0.000012031326	5	1	4
66066	0.000012282005	1	1	0
57479	0.000019995649	9	6	3
401172	0.000051061705	2	2	0
51155	0.000030906698	15	11	4
4250	0.000028429868	5	4	1
221458	0.000015373806	5	1	4
68815	0.000014883436	3	3	0
84926	0.000025474709	8	8	0
51108	0.000029162553	10	10	0
170685	0.000037639497	9	9	0
8913	0.000019421149	3	2	1
1135	0.000011549804	2	0	2
1141	0.000017965870	5	2	3
1775	0.000030169797	9	4	5
84174	0.000019358635	10	6	4
1510	0.000011726305	5	1	4
15499	0.000011549804	11	0	11
318	0.000011549804	3	0	3
29780	0.000024842573	9	5	4
147040	0.000011549804	2	0	2
837868	0.000012265472	1	1	0
641367	0.000056458794	2	2	0
7022	0.000076744585	21	17	4
79573	0.000011742098	3	2	1
168374	0.000017707888	4	4	0
55237	0.000019668598	4	2	2
7675	0.000022819502	10	5	5
99890	0.000011549804	6	0	6
1515	0.000023798839	10	7	3
56142	0.000012124788	3	2	1
78992	0.000015650935	9	4	5
55118	0.000016931646	4	3	1
26355	0.000018867531	19	5	14
854768	0.000012972012	1	1	0
22141	0.000011887097	1	1	0
221955	0.000027620664	15	14	1
117854	0.000013665700	6	1	5
140873	0.000012850220	1	1	0
21340	0.000013446194	4	1	3
831959	0.000011549804	1	0	1
100462977	0.000015496771	9	1	8
97	0.000053887047	10	9	1
57547	0.000018103260	10	8	2
56907	0.000013330549	3	3	0
643752	0.000020248635	3	3	0
284486	0.000012002207	1	1	0
4066	0.000017988448	9	4	5
5459	0.000012522798	6	2	4
12364	0.000013974332	1	1	0
221718	0.000036850869	14	12	2
727910	0.000012983598	3	3	0
7781	0.000020511760	9	3	6
4246	0.000038742782	8	8	0
4435	0.000034597429	19	12	7
853133	0.000012972012	5	1	4
79736	0.000014804708	6	5	1
55713	0.000012583294	1	1	0
6307	0.000020891932	9	7	2
851651	0.000011549804	2	0	2
55784	0.000011549804	1	0	1
57148	0.000029124178	7	5	2
54442	0.000044617052	26	20	6
20630	0.000011549804	2	0	2
27019	0.000011549804	2	0	2
112812	0.000024074168	5	3	2
138474	0.000019631205	10	3	7
728013	0.000014178880	2	2	0
388719	0.000011589791	1	1	0
4360	0.000013108205	4	3	1
18294	0.000011549804	2	0	2
8269	0.000021375456	4	4	0
67427	0.000012892992	1	1	0
9840	0.000011549804	9	0	9
22846	0.000012576859	5	1	4
162073	0.000013995629	4	4	0
4324	0.000013183106	3	2	1
140609	0.000023527527	5	5	0
83716	0.000011710395	2	1	1
818591	0.000011549804	1	0	1
148252	0.000023918675	6	5	1
8074	0.000024270250	4	3	1
18642	0.000012892992	1	1	0
55879	0.000012761633	1	1	0
123803	0.000014984612	3	2	1
10882	0.000014188448	5	5	0
55852	0.000012182346	3	2	1
7586	0.000025379859	18	15	3
108689	0.000011549804	3	0	3
80169	0.000025135280	9	8	1
533307	0.000011778583	1	1	0
2540020	0.000015645596	2	2	0
8345	0.000016933671	12	12	0
7200	0.000023943628	8	6	2
57677	0.000015591632	2	2	0
643246	0.000015143435	3	3	0
374969	0.000014231193	1	1	0
117017	0.000015872024	1	1	0
124599	0.000011549804	2	0	2
51463	0.000020947793	8	8	0
200504	0.000014884029	2	1	1
84191	0.000027555834	15	3	12
51365	0.000013304803	3	2	1
4325	0.000018599775	2	2	0
140870	0.000023149349	3	3	0
6619	0.000027670016	13	6	7
4606	0.000012065413	2	1	1
51398	0.000012034495	3	2	1
200958	0.000026104749	3	2	1
390594	0.000011549804	1	0	1
57664	0.000014596592	8	2	6
375686	0.000011549804	3	0	3
1258	0.000021697919	5	3	2
5961	0.000022683744	4	2	2
5408	0.000061822842	10	8	2
750	0.000011549804	14	0	14
14030	0.000011549804	5	0	5
116337	0.000012193335	1	1	0
25467	0.000013714872	1	1	0
4948	0.000011963040	1	1	0
729533	0.000016379750	2	2	0
23507	0.000027582878	2	2	0
284406	0.000012609906	1	1	0
55186	0.000011549804	2	0	2
6532	0.000022095119	8	5	3
26658	0.000016845579	2	2	0
10261	0.000011549804	1	0	1
855934	0.000011549804	1	0	1
79853	0.000014537121	10	1	9
851013	0.000012972012	1	1	0
57497	0.000011771834	1	1	0
139716	0.000019327295	10	5	5
126299	0.000013026483	3	3	0
6582	0.000027629541	9	8	1
100360154	0.000011601525	1	1	0
10443	0.000030208115	14	10	4
80017	0.000012415886	2	1	1
83986	0.000013848396	4	4	0
50616	0.000011549804	3	0	3
116379	0.000014824689	1	1	0
4061	0.000012684869	2	1	1
55106	0.000011549804	2	0	2
170622	0.000029265504	17	12	5
114915	0.000011763520	1	1	0
55	0.000018715350	7	7	0
23086	0.000013112061	5	4	1
55349	0.000020498239	5	2	3
570	0.000034170019	7	4	3
2868	0.000019196370	10	6	4
28982	0.000018828821	10	10	0
642658	0.000022048480	3	3	0
2577	0.000011886418	3	1	2
26164	0.000014167191	3	3	0
232943	0.000011549804	16	0	16
3077448	0.000011549804	3	0	3
113746	0.000013799666	1	1	0
644096	0.000072600701	3	3	0
58475	0.000011549804	2	0	2
4054	0.000020546268	14	7	7
282004	0.000011549804	2	0	2
202658	0.000018769101	2	2	0
3681	0.000011853144	5	2	3
55313	0.000013648393	5	3	2
51020	0.000018753990	5	5	0
3777	0.000017497520	9	4	5
113893	0.000011601525	1	1	0
730668	0.000013230060	1	1	0
51308	0.000012212396	3	3	0
55591	0.000015240712	14	9	5
850445	0.000012972012	1	1	0
29236	0.000011601525	1	1	0
64412	0.000021678320	8	4	4
20867	0.000011753654	1	1	0
10485	0.000014583487	7	6	1
134145	0.000012033716	1	1	0
54149	0.000022420551	7	7	0
440568	0.000012861444	5	2	3
33397	0.000011549804	1	0	1
284169	0.000022467068	7	4	3
90204	0.000012039913	2	2	0
348235	0.000025798291	12	10	2
3209	0.000011549804	6	0	6
11158	0.000011589791	4	1	3
91734	0.000032762466	15	5	10
2152	0.000018321477	23	4	19
8263	0.000032111214	4	4	0
1536	0.000013534639	8	2	6
25350	0.000011549804	1	0	1
4239	0.000036564272	7	6	1
8712	0.000011760073	2	1	1
854662	0.000011549804	1	0	1
10581	0.000013623778	4	2	2
160777	0.000012465851	2	1	1
116643	0.000011601525	1	1	0
67530	0.000012963316	1	1	0
83462	0.000011549804	1	0	1
1366	0.000011549804	6	0	6
13001	0.000011988621	1	1	0
51092	0.000012507184	4	4	0
21406	0.000014273956	3	2	1
92092	0.000022811787	11	10	1
66000	0.000024801059	7	7	0
9976	0.000011549804	2	0	2
6019	0.000025530416	2	2	0
3750	0.000018715302	2	2	0
56980	0.000016741001	7	7	0
347862	0.000015238958	5	4	1
7472	0.000023778062	9	4	5
55529	0.000015637802	2	2	0
165904	0.000016833343	9	1	8
1490	0.000014741984	16	3	13
340277	0.000029442539	14	9	5
140694	0.000035233359	7	6	1
57376	0.000017091230	3	1	2
2306	0.000012890307	2	2	0
8444	0.000021787445	7	5	2
80167	0.000011784075	2	1	1
161253	0.000014204077	3	2	1
1830	0.000015156974	5	2	3
64847	0.000016094135	7	5	2
135644	0.000013453635	5	2	3
170591	0.000038279328	6	6	0
4317	0.000016282601	6	1	5
100506584	0.000012261510	1	1	0
74343	0.000016026680	3	2	1
822207	0.000011549804	1	0	1
89846	0.000016165721	2	2	0
227298	0.000011549804	8	0	8
6703	0.000016356480	6	5	1
850506	0.000012972012	1	1	0
64240	0.000017436434	5	3	2
6051	0.000036337197	7	7	0
129138	0.000015101513	4	4	0
115399	0.000012680892	1	1	0
402665	0.000041713354	13	6	7
357	0.000015436572	7	3	4
37916	0.000011549804	4	0	4
343505	0.000021398324	1	1	0
844304	0.000011549804	2	0	2
19344	0.000011549804	15	0	15
1617	0.000021099013	9	3	6
2331	0.000019395299	7	4	3
84691	0.000013033490	3	2	1
3004	0.000011549804	6	0	6
328572	0.000012863948	7	1	6
6586	0.000020496437	2	2	0
51239	0.000013585079	5	4	1
618164	0.000013581063	1	1	0
7140	0.000033178347	12	7	5
100125989	0.000017225535	1	1	0
226407	0.000011549804	6	0	6
144699	0.000025999897	7	6	1
233871	0.000012249679	1	1	0
83943	0.000012187797	1	1	0
6247	0.000012892992	2	1	1
16195	0.000011549804	2	0	2
852042	0.000014028399	2	2	0
7850	0.000018798750	4	3	1
414927	0.000159785989	8	8	0
856656	0.000012972012	1	1	0
6489	0.000021487786	14	3	11
11040	0.000024872491	21	6	15
23228	0.000016311568	4	4	0
27130	0.000014167316	9	3	6
114905	0.000011683148	1	1	0
57551	0.000061302919	16	15	1
850715	0.000012972012	1	1	0
6336	0.000017120919	2	2	0
56718	0.000015191733	3	1	2
22880	0.000033254012	14	13	1
90843	0.000012529055	5	3	2
55335	0.000013108843	1	1	0
134860	0.000011549804	2	0	2
84876	0.000074082360	11	9	2
286133	0.000040692886	6	5	1
25946	0.000011843429	6	1	5
337	0.000019977233	8	3	5
222643	0.000024460799	8	4	4
1472	0.000059894889	17	15	2
90025	0.000018588104	6	4	2
388339	0.000011795132	1	1	0
227446	0.000012892992	1	1	0
11736	0.000011549804	5	0	5
84892	0.000015480463	13	11	2
283807	0.000011549804	4	0	4
2938	0.000011683148	13	1	12
21847	0.000011549804	1	0	1
10660	0.000014282481	1	1	0
79434	0.000011549804	1	0	1
19376	0.000016089669	3	3	0
55282	0.000011549804	1	0	1
203197	0.000011589791	2	1	1
417950	0.000016315066	2	2	0
285025	0.000013539964	2	2	0
25122	0.000011549804	1	0	1
81771	0.000011549804	1	0	1
25789	0.000016082063	4	4	0
19165	0.000012872149	1	1	0
23266	0.000017940812	8	7	1
3347	0.000011549804	3	0	3
67068	0.000012892992	15	1	14
65134	0.000015661958	1	1	0
856846	0.000012972012	1	1	0
56456	0.000013972494	1	1	0
51661	0.000030404433	22	12	10
767558	0.000013231213	1	1	0
56910	0.000040267129	6	3	3
2939	0.000015719475	5	2	3
54503	0.000012216194	2	2	0
5638	0.000014748068	6	5	1
18393	0.000011549804	7	0	7
203569	0.000013378834	5	5	0
17966	0.000013394227	2	2	0
53349	0.000015021843	6	4	2
23247	0.000014710260	6	5	1
3440	0.000021810927	7	2	5
84329	0.000011917490	7	1	6
3642	0.000021026035	8	3	5
9314	0.000040015077	38	21	17
2780	0.000014933252	15	3	12
1140	0.000012371902	2	1	1
114112	0.000013658284	4	1	3
55959	0.000013402067	4	4	0
856799	0.000014412289	4	1	3
55036	0.000011549804	2	0	2
51085	0.000018311515	7	5	2
91801	0.000088741794	3	3	0
3814	0.000033087091	7	2	5
92856	0.000035105767	19	15	4
100289635	0.000013103639	1	1	0
10113	0.000029165115	14	12	2
26051	0.000016556505	14	7	7
66414	0.000012963316	1	1	0
162494	0.000011549804	4	0	4
853593	0.000011549804	1	0	1
10039	0.000012033716	10	1	9
83657	0.000014593295	2	1	1
1768	0.000011894052	3	3	0
392617	0.000011717050	1	1	0
23585	0.000021158385	4	3	1
157	0.000025928038	14	8	6
340441	0.000025460228	2	1	1
228071	0.000011549804	3	0	3
28620	0.000011549804	4	0	4
27165	0.000026846758	13	8	5
389058	0.000012356477	1	1	0
56255	0.000019977435	9	8	1
280658	0.000017593607	2	2	0
54752	0.000014908450	4	2	2
7773	0.000014925761	7	2	5
66525	0.000012538857	1	1	0
54676	0.000031097125	21	17	4
441531	0.000014422759	2	1	1
63923	0.000027326796	4	4	0
155006	0.000015978758	2	2	0
4687	0.000022590423	7	4	3
1490005	0.000011549804	1	0	1
440193	0.000027454499	11	10	1
230376	0.000011549804	10	0	10
25400	0.000011549804	1	0	1
83605	0.000030815612	14	9	5
400793	0.000015836323	7	7	0
326343	0.000012033716	4	1	3
83758	0.000021511134	5	5	0
74195	0.000012282005	1	1	0
2651	0.000025518447	9	2	7
94120	0.000025428054	4	3	1
100129118	0.000011675221	2	2	0
9324	0.000023996804	12	12	0
168417	0.000018707974	5	2	3
29988	0.000016330882	5	5	0
100526739	0.000012266126	1	1	0
150678	0.000031302582	17	14	3
100009506	0.000026978550	2	2	0
813466	0.000011549804	4	0	4
513751	0.000018756816	1	1	0
158427	0.000058439272	18	17	1
170958	0.000013504744	2	2	0
19354	0.000012902051	1	1	0
57216	0.000024641538	14	13	1
2940	0.000016988667	5	3	2
345557	0.000012002207	1	1	0
855066	0.000013183077	2	2	0
286234	0.000011601710	1	1	0
54638	0.000012993377	2	1	1
20980	0.000014306504	2	2	0
57732	0.000014189323	7	1	6
8645	0.000013140999	3	2	1
10881	0.000011549804	3	0	3
7258	0.000014174142	4	2	2
55151	0.000013136046	5	5	0
2540473	0.000011549804	1	0	1
9313	0.000016282601	1	1	0
89765	0.000011549804	1	0	1
80329	0.000027910605	6	3	3
57574	0.000019699150	4	1	3
195814	0.000023902214	10	5	5
378938	0.000012949232	2	2	0
9758	0.000015099285	2	2	0
79684	0.000017235798	3	2	1
121268	0.000023813903	15	5	10
245934	0.000019806440	2	2	0
139604	0.000012125005	1	1	0
1325	0.000021374458	7	1	6
6751	0.000020863761	5	3	2
166785	0.000011549804	1	0	1
7225	0.000090220351	15	10	5
3549	0.000011549804	4	0	4
8643	0.000029289519	5	4	1
84595	0.000014629990	2	2	0
8847	0.000012530135	1	1	0
55830	0.000015506028	3	3	0
23457	0.000011549804	1	0	1
101060521	0.000038864700	9	4	5
7743	0.000014580067	4	4	0
29880	0.000015739525	10	6	4
267002	0.000012024780	1	1	0
2677	0.000029327154	20	18	2
57214	0.000014918738	2	2	0
57453	0.000011549804	3	0	3
23011	0.000019534406	11	7	4
84918	0.000016936708	7	7	0
163486	0.000017367454	3	2	1
12715	0.000012332928	2	2	0
407840	0.000011549804	1	0	1
84912	0.000020128783	7	4	3
64005	0.000024636925	8	6	2
72519	0.000011549804	5	0	5
100526740	0.000012430871	4	4	0
95681	0.000012904447	5	2	3
140467	0.000017087896	2	2	0
3204	0.000011549804	6	0	6
23060	0.000024872428	13	13	0
9677	0.000023332398	10	5	5
160418	0.000020666503	13	12	1
1389	0.000011589791	4	1	3
11153	0.000020014154	4	3	1
442229	0.000272980391	4	4	0
266777	0.000017792008	1	1	0
50938	0.000011549804	2	0	2
214384	0.000016151457	1	1	0
51126	0.000047690621	12	8	4
29648	0.000011601525	1	1	0
79033	0.000024131939	8	7	1
9356	0.000011549804	3	0	3
283337	0.000020313407	8	7	1
1007	0.000019963028	8	4	4
10566	0.000022413489	9	3	6
100506144	0.000011869481	3	3	0
6575	0.000013565615	5	5	0
389816	0.000013874902	1	1	0
55319	0.000023682454	14	9	5
115708	0.000028601152	21	11	10
83445	0.000019178281	7	4	3
57827	0.000013619155	2	1	1
84561	0.000012109740	1	1	0
100141360	0.000011771834	1	1	0
852834	0.000017001997	2	2	0
80896	0.000014188109	3	1	2
11975	0.000012963316	1	1	0
114711	0.000011549804	3	0	3
283514	0.000011549804	2	0	2
64859	0.000030831590	22	11	11
10194	0.000011715070	2	1	1
23639	0.000012033716	5	1	4
280660	0.000025945573	3	3	0
54346	0.000011549804	1	0	1
54254	0.000016151457	2	1	1
827	0.000013580058	3	1	2
7214	0.000024613665	4	3	1
26235	0.000049515243	9	7	2
11270	0.000028119452	12	6	6
56154	0.000014638013	3	3	0
55214	0.000019043067	9	9	0
643236	0.000025581483	2	2	0
388122	0.000015070613	7	7	0
286207	0.000012186254	1	1	0
17883	0.000011549804	14	0	14
145567	0.000029600884	6	5	1
134265	0.000014777689	2	2	0
1301	0.000011549804	2	0	2
389840	0.000013348551	4	3	1
765	0.000019297011	4	1	3
9148	0.000016588719	6	3	3
90317	0.000013964487	6	6	0
51301	0.000011549804	4	0	4
9812	0.000011979315	3	2	1
5956	0.000026973591	6	4	2
285190	0.000013506165	3	3	0
9294	0.000024331488	4	4	0
856859	0.000011549804	3	0	3
170712	0.000013808833	15	3	12
10894	0.000033660725	9	3	6
57226	0.000012296454	2	1	1
820707	0.000012265472	1	1	0
7066	0.000033937036	5	4	1
19211	0.000011549804	12	0	12
6005	0.000020592710	6	3	3
25570	0.000011549804	2	0	2
1763	0.000025041057	16	15	1
22687	0.000011549804	1	0	1
58805	0.000011549804	5	0	5
55789	0.000014597211	7	6	1
91894	0.000013056312	3	2	1
7166	0.000036772427	15	11	4
140469	0.000013015779	3	2	1
53405	0.000023971174	12	7	5
84681	0.000012096744	3	2	1
126208	0.000013412574	7	6	1
114876	0.000027275205	14	14	0
22377	0.000013430584	1	1	0
353500	0.000011601710	1	1	0
57821	0.000012383247	2	1	1
53832	0.000049260418	4	4	0
64344	0.000016319956	3	3	0
3077563	0.000015433017	9	1	8
253190	0.000051955793	2	2	0
3042	0.000011549804	2	0	2
2346	0.000012191971	6	2	4
16007	0.000011549804	15	0	15
80712	0.000011601710	3	1	2
340578	0.000013746455	2	2	0
72194	0.000011549804	1	0	1
9489	0.000031504686	6	6	0
6947	0.000015404903	2	2	0
441519	0.000014839999	3	3	0
374268	0.000015345668	1	1	0
10630	0.000011549804	2	0	2
7221	0.000022089125	4	3	1
7762	0.000013847282	4	4	0
128272	0.000012856525	5	1	4
8818	0.000064614876	10	8	2
55657	0.000014938956	2	2	0
6367	0.000039274307	8	4	4
17991	0.000012963316	1	1	0
854741	0.000012972012	1	1	0
850733	0.000012972012	1	1	0
146395	0.000018114419	1	1	0
9786	0.000015287864	7	7	0
92797	0.000016026923	6	4	2
51378	0.000025614389	2	2	0
55783	0.000011549804	1	0	1
2635	0.000075634271	1	1	0
64864	0.000017308983	3	3	0
11262	0.000011549804	2	0	2
55942	0.000016462131	1	1	0
152015	0.000021510146	2	2	0
1774	0.000011549804	4	0	4
17873	0.000011549804	7	0	7
51125	0.000014934140	6	5	1
10233	0.000011549804	2	0	2
8710	0.000014846002	5	5	0
80757	0.000015235082	5	3	2
124404	0.000012066196	15	1	14
500666	0.000011549804	5	0	5
168002	0.000016789619	5	2	3
84239	0.000015152409	1	1	0
8388	0.000012076554	1	1	0
64779	0.000033756280	9	8	1
55323	0.000016084912	5	3	2
7262	0.000012675852	5	3	2
23601	0.000011549804	17	0	17
387104	0.000015102424	3	3	0
80146	0.000015135690	5	5	0
856610	0.000012972012	1	1	0
677850	0.000011972613	1	1	0
197259	0.000027574342	14	5	9
57449	0.000030643238	6	6	0
57128	0.000019300001	7	5	2
219833	0.000031989405	5	4	1
22327	0.000011549804	10	0	10
64399	0.000017474321	4	3	1
64499	0.000017384528	2	2	0
79089	0.000025473782	5	5	0
56975	0.000028014793	7	7	0
3823	0.000014471434	2	1	1
23142	0.000025858167	12	5	7
221044	0.000025262963	4	3	1
345778	0.000017444102	9	9	0
169270	0.000017247090	2	2	0
729603	0.000012050839	1	1	0
100361427	0.000011601525	1	1	0
93183	0.000028311397	9	8	1
1850	0.000016478084	3	3	0
92369	0.000020669013	8	3	5
133015	0.000048714089	11	10	1
54936	0.000035493738	12	10	2
56210	0.000014836690	3	2	1
67070	0.000011549804	4	0	4
26017	0.000015703535	6	4	2
79644	0.000037706711	2	2	0
852881	0.000011549804	1	0	1
140706	0.000023842986	4	3	1
319	0.000011549804	3	0	3
8705	0.000015074116	5	2	3
100038725	0.000011549804	15	0	15
57507	0.000013450564	3	2	1
15512	0.000012682155	1	1	0
100500842	0.000012066040	2	2	0
254122	0.000022187382	5	5	0
5279	0.000034074441	8	4	4
64429	0.000019277567	9	9	0
851994	0.000012937749	1	1	0
128229	0.000015973447	3	2	1
363	0.000011549804	1	0	1
54920	0.000013142411	4	3	1
25577	0.000011601525	1	1	0
79642	0.000015186401	4	3	1
24503	0.000011601525	1	1	0
644150	0.000014930451	3	3	0
653505	0.000012123296	1	1	0
853482	0.000025751175	1	1	0
414899	0.000031666307	11	10	1
729862	0.000015047543	2	2	0
319101	0.000033181068	17	17	0
79087	0.000011549804	2	0	2
18103	0.000017936589	2	2	0
246243	0.000016062424	8	7	1
6856	0.000023495262	4	3	1
161436	0.000011836308	2	2	0
26033	0.000012416798	2	1	1
22190	0.000022754797	5	5	0
7559	0.000015277149	7	5	2
26167	0.000014051224	3	3	0
853250	0.000017881605	1	1	0
117277	0.000017352900	2	2	0
100526693	0.000024096588	11	6	5
84270	0.000030371333	5	4	1
836740	0.000011549804	1	0	1
489509	0.000011549804	1	0	1
440603	0.000016474157	7	7	0
4995	0.000011907096	1	1	0
9528	0.000013845000	9	6	3
67155	0.000013460343	1	1	0
13649	0.000011549804	2	0	2
6003	0.000022727886	6	3	3
29929	0.000017330740	7	7	0
7564	0.000014294754	6	2	4
255743	0.000011549804	2	0	2
285346	0.000034843605	4	1	3
4135	0.000024528632	6	4	2
3234	0.000017221695	6	6	0
57604	0.000011549804	4	0	4
22286	0.000012288361	1	1	0
26049	0.000013839820	3	3	0
84913	0.000013535398	2	1	1
1577	0.000023133727	3	1	2
15205	0.000019238919	1	1	0
154214	0.000013641028	2	1	1
63971	0.000038995346	16	10	6
19057	0.000016476868	2	2	0
50685	0.000011601525	1	1	0
79841	0.000017410006	4	3	1
89778	0.000011549804	7	0	7
11264	0.000012480055	1	1	0
284618	0.000026294121	9	8	1
18983	0.000016990858	2	2	0
79739	0.000014950516	5	4	1
24786	0.000011601525	1	1	0
4148	0.000023331659	9	2	7
11096	0.000011549804	2	0	2
24069	0.000014780891	4	1	3
18039	0.000012963316	1	1	0
84886	0.000017935339	12	12	0
11014	0.000015369832	7	7	0
80380	0.000013631448	1	1	0
3822	0.000017021905	4	3	1
100130892	0.000016277170	10	9	1
17494242	0.000013734802	1	1	0
15370	0.000018598220	2	2	0
256933	0.000014824689	2	1	1
723961	0.000020221515	2	2	0
55025	0.000011549804	1	0	1
646938	0.000013656551	2	2	0
55796	0.000015991128	7	6	1
417771	0.000011549804	1	0	1
2703377	0.000011611955	1	1	0
129642	0.000011675221	2	2	0
27103	0.000015235808	2	2	0
11045	0.000013555189	1	1	0
67951	0.000012963316	1	1	0
83397	0.000011549804	8	0	8
51531	0.000013510440	4	2	2
50818	0.000013517487	5	2	3
6362	0.000012043967	7	1	6
110033	0.000011549804	5	0	5
77805	0.000011549804	2	0	2
57579	0.000013676407	1	1	0
854518	0.000013270636	1	1	0
349114	0.000012850220	1	1	0
10149	0.000011549804	1	0	1
855135	0.000012972012	1	1	0
3781	0.000022018601	7	3	4
9469	0.000124091857	10	10	0
181244	0.000011549804	1	0	1
55246	0.000021827289	15	12	3
3503	0.000015709930	4	3	1
53869	0.000011549804	10	0	10
15516	0.000014729278	4	4	0
22990	0.000013239709	2	2	0
81662	0.000011753654	1	1	0
728622	0.000012631959	2	2	0
2741	0.000011549804	2	0	2
818660	0.000014237596	1	1	0
76787	0.000012892992	1	1	0
29841	0.000013596607	2	2	0
338321	0.000029742410	5	4	1
10512	0.000011642105	4	2	2
10242	0.000011549804	1	0	1
56995	0.000018676872	6	5	1
3957	0.000016353337	10	2	8
124975	0.000078772814	10	10	0
128876	0.000012878920	1	1	0
539141	0.000015830472	3	3	0
119369	0.000033368552	3	3	0
6493	0.000013586896	8	4	4
92703	0.000014909808	2	1	1
59307	0.000023933115	9	5	4
124783	0.000015200042	3	2	1
4498	0.000011549804	1	0	1
80231	0.000011549804	1	0	1
51077	0.000089986391	9	8	1
387778	0.000099706633	4	4	0
54901	0.000024749781	15	15	0
1826	0.000011822235	2	1	1
1044	0.000014703169	5	3	2
348980	0.000013104415	4	1	3
2798	0.000016929187	8	5	3
22129	0.000013869405	1	1	0
79142	0.000017875382	7	6	1
5067	0.000088513593	3	3	0
12876	0.000012716842	1	1	0
85476	0.000035710843	14	12	2
1109	0.000017015481	7	3	4
80818	0.000015140388	6	2	4
286514	0.000029650900	9	9	0
84327	0.000011931201	2	2	0
28796	0.000011683148	3	1	2
10290	0.000017897329	7	5	2
100363620	0.000011601525	1	1	0
5016	0.000017865027	4	3	1
6779	0.000058237166	6	6	0
2703364	0.000011611955	1	1	0
8404	0.000026051204	8	7	1
57143	0.000015954346	9	7	2
29906	0.000019609823	6	3	3
835698	0.000012265472	1	1	0
91975	0.000014003973	1	1	0
4921	0.000025999499	13	8	5
3782	0.000018232517	5	1	4
81822	0.000022748101	3	3	0
286006	0.000035666791	4	3	1
79868	0.000017904281	11	11	0
84769	0.000014360113	3	3	0
5799	0.000014553064	5	3	2
23351	0.000015406603	2	2	0
284827	0.000018490583	6	4	2
852200	0.000012779514	8	1	7
170062	0.000013098019	3	1	2
66894	0.000018387165	5	5	0
653602	0.000012057148	1	1	0
8209	0.000013984363	4	2	2
11112	0.000013956038	10	3	7
838598	0.000015539277	1	1	0
9836	0.000025989543	11	11	0
38961	0.000011549804	1	0	1
284390	0.000013433531	2	1	1
20586	0.000011549804	1	0	1
8433	0.000021757088	5	3	2
100008736	0.000011549804	3	0	3
6579	0.000012548773	4	1	3
387914	0.000013647571	4	2	2
130813	0.000021366251	3	3	0
55568	0.000025999845	6	6	0
66201	0.000013394227	2	2	0
55086	0.000024371097	8	7	1
127540	0.000019432397	3	1	2
49860	0.000028537571	11	11	0
119587	0.000011549804	1	0	1
80224	0.000013967031	4	3	1
3775	0.000020467777	9	5	4
256471	0.000012810064	5	5	0
33226	0.000012031326	1	1	0
81606	0.000015578955	6	2	4
26893	0.000012337831	7	1	6
851024	0.000012972012	1	1	0
439921	0.000011746790	3	3	0
4681	0.000014580788	13	2	11
223626	0.000011549804	7	0	7
100129842	0.000011549804	1	0	1
54849	0.000012033716	2	1	1
54658	0.000027246438	6	4	2
57337	0.000013253437	4	2	2
228545	0.000015944428	2	1	1
79979	0.000017916507	4	4	0
80095	0.000022645790	5	5	0
3284	0.000013667119	5	3	2
820284	0.000012265472	1	1	0
1313	0.000011549804	2	0	2
56532	0.000011549804	1	0	1
221078	0.000012641516	3	2	1
9890	0.000020420963	3	3	0
4534	0.000016463002	5	3	2
9889	0.000013734331	3	3	0
162417	0.000011549804	1	0	1
150353	0.000089352199	3	3	0
79763	0.000020421753	10	7	3
441058	0.000011549804	5	0	5
851991	0.000017350835	1	1	0
6356	0.000022162590	10	7	3
57134	0.000063723668	7	6	1
55808	0.000012823562	4	1	3
55848	0.000020253810	5	4	1
100151684	0.000056894830	11	11	0
55112	0.000016171356	9	9	0
852003	0.000012972012	1	1	0
374877	0.000031678848	2	1	1
400590	0.000016487377	3	2	1
100037417	0.000011549804	4	0	4
20181	0.000015695255	7	2	5
633	0.000111825725	17	13	4
856792	0.000012972012	1	1	0
29951	0.000019454478	3	3	0
9050	0.000022049937	5	5	0
401442	0.000011864452	1	1	0
56143	0.000011902757	1	1	0
288779	0.000011601525	1	1	0
854869	0.000011549804	1	0	1
9717	0.000013949956	1	1	0
690073	0.000011601525	1	1	0
84134	0.000015185199	5	4	1
17126	0.000016798288	4	4	0
6547	0.000015940538	12	2	10
18024	0.000015284643	6	1	5
57724	0.000016402255	2	2	0
17260	0.000011549804	1	0	1
1009	0.000014858985	4	2	2
100348873	0.000014683203	2	2	0
374920	0.000017042898	3	3	0
319934	0.000012892992	1	1	0
23109	0.000011549804	4	0	4
7104	0.000012591686	6	2	4
17869	0.000014971365	4	1	3
78994	0.000023418332	13	12	1
10850	0.000013565760	2	1	1
90313	0.000030544635	2	2	0
57709	0.000011717050	4	1	3
9609	0.000014275216	3	1	2
79668	0.000013868039	1	1	0
854681	0.000012972012	1	1	0
8395	0.000040205510	8	8	0
653583	0.000022026469	13	13	0
71770	0.000020712020	6	6	0
856852	0.000011549804	4	0	4
7355	0.000039887931	6	5	1
9842	0.000038608226	10	9	1
851425	0.000012972012	1	1	0
25900	0.000024299600	8	6	2
10218	0.000011549804	3	0	3
56938	0.000019278927	10	7	3
441509	0.000011674794	1	1	0
83633	0.000011549804	1	0	1
8293	0.000013059019	3	2	1
196383	0.000018298768	8	5	3
149233	0.000016343237	5	3	2
65988	0.000090515976	6	6	0
67300	0.000015335071	3	3	0
362857	0.000011601525	1	1	0
136991	0.000033400587	12	7	5
57535	0.000015164013	2	1	1
56603	0.000013144402	2	2	0
643224	0.000011718248	1	1	0
3352	0.000017948636	4	2	2
9027	0.000020152770	9	5	4
855266	0.000012972012	1	1	0
170825	0.000011549804	1	0	1
844224	0.000011549804	1	0	1
3062	0.000015769208	2	1	1
10158	0.000011771923	4	1	3
8608	0.000056365784	8	8	0
151531	0.000018409053	4	2	2
253769	0.000014364890	2	2	0
22063	0.000013988972	1	1	0
10316	0.000016462131	3	1	2
127391	0.000020137481	4	3	1
573971	0.000016650838	3	2	1
64077	0.000094949151	2	2	0
112970	0.000016808838	3	3	0
56269	0.000013635297	3	2	1
221061	0.000012385363	4	3	1
646214	0.000017948810	3	3	0
6359	0.000011549804	2	0	2
3797	0.000014627230	7	2	5
3134	0.000019321177	18	10	8
851055	0.000012972012	1	1	0
56253	0.000013493488	1	1	0
143	0.000015451112	9	5	4
140432	0.000023783244	5	5	0
853301	0.000012972012	1	1	0
255928	0.000023277930	3	1	2
401135	0.000021643702	1	1	0
202915	0.000014332582	2	2	0
297176	0.000011549804	5	0	5
26936	0.000013648461	5	1	4
68953	0.000011549804	8	0	8
79689	0.000013899192	2	2	0
58864	0.000015235808	2	2	0
90416	0.000013173520	4	4	0
7216	0.000030782038	18	16	2
120534	0.000031185337	7	6	1
1132	0.000017887880	6	1	5
12021	0.000011549804	1	0	1
6953	0.000018390624	5	3	2
923	0.000025361315	7	5	2
29461	0.000011601525	1	1	0
57205	0.000011635347	1	1	0
100132795	0.000011795132	1	1	0
2204	0.000013560139	8	1	7
253152	0.000012173272	1	1	0
55013	0.000027638352	5	4	1
54808	0.000015617796	6	6	0
85349	0.000016969300	3	3	0
9122	0.000012253249	3	2	1
12211	0.000012892992	1	1	0
25893	0.000011549804	6	0	6
126382	0.000043935510	9	8	1
23671	0.000013657511	4	2	2
9681	0.000019876654	9	5	4
10670	0.000056214722	18	9	9
51286	0.000012608070	3	3	0
73178	0.000014562979	2	2	0
91151	0.000014629714	3	2	1
11519	0.000012892992	1	1	0
855741	0.000011549804	1	0	1
26263	0.000027533560	10	8	2
11054	0.000018368189	16	8	8
26564	0.000011549804	1	0	1
151176	0.000012016281	2	2	0
115560	0.000011549804	4	0	4
29476	0.000011601525	1	1	0
397844	0.000012598683	1	1	0
440026	0.000013223384	7	5	2
39884	0.000011549804	1	0	1
91523	0.000011907096	5	1	4
22979	0.000013553848	4	4	0
11739	0.000017396856	2	1	1
84643	0.000011877710	1	1	0
6518	0.000021540365	4	2	2
854770	0.000012972012	1	1	0
58498	0.000020837761	6	4	2
29919	0.000016077446	12	5	7
6861	0.000018877232	7	2	5
13448	0.000031826168	8	6	2
117581	0.000031218917	12	9	3
19055	0.000012892992	1	1	0
200014	0.000023634248	11	8	3
54006	0.000013394227	2	2	0
115677	0.000014808504	6	3	3
57126	0.000015776391	3	3	0
56731	0.000013104822	2	1	1
1185	0.000014178060	3	3	0
90768	0.000011684521	3	1	2
11651	0.000012892992	3	1	2
390598	0.000027736977	11	5	6
12799	0.000014306504	2	2	0
118430	0.000030404281	9	9	0
1584	0.000011921867	4	1	3
158345	0.000012187679	4	1	3
440730	0.000015008587	1	1	0
440414	0.000013742387	2	1	1
147686	0.000013275389	3	1	2
54292	0.000011549804	1	0	1
856271	0.000012972012	1	1	0
58488	0.000018496209	3	1	2
3890	0.000015521179	7	5	2
100751524	0.000013714872	1	1	0
152518	0.000020255283	6	6	0
4961442	0.000011549804	2	0	2
63973	0.000017853088	3	3	0
131669	0.000014003973	2	1	1
126789	0.000019301340	7	6	1
326618	0.000011971188	13	1	12
114571	0.000011549804	3	0	3
148304	0.000020494865	3	3	0
50810	0.000033829246	11	8	3
387640	0.000011589791	1	1	0
855302	0.000012972012	1	1	0
56242	0.000021564775	1	1	0
5623	0.000021374458	3	1	2
5456	0.000024046556	4	4	0
26582	0.000013525467	3	3	0
135154	0.000016829818	2	2	0
1487345	0.000014241497	2	1	1
72993	0.000016039455	2	2	0
51805	0.000017580820	4	2	2
51761	0.000021378587	2	1	1
26047	0.000014582988	11	2	9
285987	0.000016405217	5	5	0
54453	0.000018888208	8	6	2
100356314	0.000014736788	1	1	0
287709	0.000011601525	1	1	0
28959	0.000011549804	1	0	1
5017	0.000020454664	4	3	1
729428	0.000022353822	2	2	0
152002	0.000014223261	6	6	0
163059	0.000020025953	7	2	5
726	0.000012162092	1	1	0
92211	0.000011716427	2	1	1
20742	0.000015750077	4	3	1
729238	0.000023328651	5	3	2
25227	0.000011601525	1	1	0
256691	0.000024502600	5	1	4
55714	0.000013209204	4	3	1
389084	0.000059732887	4	4	0
79152	0.000025658898	9	8	1
80148	0.000015052235	3	2	1
55876	0.000014417045	8	2	6
7621	0.000014403990	4	3	1
338809	0.000018298600	3	3	0
4961526	0.000022921325	8	3	5
27344	0.000017575085	4	3	1
126433	0.000013994910	9	5	4
49861	0.000011549804	2	0	2
402176	0.000011750532	1	1	0
852059	0.000014327522	3	2	1
8732	0.000017131093	11	8	3
4254	0.000017760608	11	4	7
100689048	0.000013720398	1	1	0
64598	0.000016564663	4	2	2
55176	0.000017725050	7	5	2
852973	0.000012605369	2	2	0
855343	0.000012972012	1	1	0
850768	0.000011549804	3	0	3
855725	0.000015103508	2	2	0
123036	0.000011589791	1	1	0
226154	0.000014561265	3	3	0
4059	0.000017107712	12	4	8
926	0.000029083432	4	4	0
856311	0.000012972012	1	1	0
221443	0.000028224645	12	10	2
19091	0.000011549804	1	0	1
91373	0.000018024708	7	2	5
245929	0.000018222986	2	2	0
100132057	0.000011989463	1	1	0
348793	0.000011549804	4	0	4
24874	0.000013132746	5	1	4
9858	0.000014969789	5	4	1
309696	0.000013206569	2	2	0
2041	0.000016530258	6	5	1
203260	0.000012066047	3	1	2
57465	0.000017216784	8	8	0
28834	0.000019577444	2	2	0
53379	0.000013663191	2	2	0
313474	0.000039370737	3	3	0
851462	0.000012972012	1	1	0
54546	0.000021620395	6	5	1
19247	0.000012219457	1	1	0
201798	0.000015211697	3	2	1
395626	0.000011549804	1	0	1
361838	0.000011601525	1	1	0
613037	0.000018111767	4	4	0
341208	0.000027417081	12	12	0
852945	0.000016226194	2	2	0
132864	0.000013531218	3	3	0
338323	0.000018925456	1	1	0
1298	0.000014911032	9	2	7
55716	0.000012173321	6	4	2
27152	0.000014479675	2	2	0
3422	0.000015341130	7	3	4
9900	0.000016952651	7	7	0
853681	0.000012320656	1	1	0
389842	0.000012011695	2	2	0
64403	0.000023484674	5	5	0
856665	0.000012972012	1	1	0
337974	0.000037741687	13	13	0
26397	0.000020634604	6	6	0
221294	0.000018421291	8	1	7
7058	0.000016433206	5	3	2
11199	0.000014693904	3	2	1
51278	0.000015677705	4	4	0
51513	0.000013678247	8	3	5
90333	0.000019114477	2	2	0
24655	0.000011891214	1	1	0
4359	0.000013652727	4	1	3
441362	0.000018350479	4	4	0
221424	0.000040062589	8	7	1
93010	0.000045309810	8	7	1
27008	0.000012538857	1	1	0
16151	0.000013562402	5	1	4
25928	0.000011549804	5	0	5
20277	0.000012948413	1	1	0
130589	0.000018626666	5	2	3
84279	0.000016248232	3	3	0
8556	0.000019108495	11	3	8
1128	0.000013629683	5	2	3
93517	0.000016249506	3	3	0
21937	0.000011549804	2	0	2
79092	0.000028185170	8	7	1
12848	0.000014681171	2	2	0
28958	0.000011918976	2	2	0
113451	0.000017764761	4	1	3
15361	0.000026090339	2	2	0
6469	0.000039381347	9	6	3
843138	0.000012265472	1	1	0
957	0.000100621955	14	13	1
440253	0.000011994584	1	1	0
2350	0.000011868356	1	1	0
51411	0.000018407707	5	5	0
9340	0.000032305815	4	4	0
153572	0.000012547918	2	2	0
79798	0.000017125752	10	6	4
8326	0.000029680322	6	5	1
9728	0.000022942582	7	6	1
148362	0.000026819731	10	4	6
229603	0.000012836648	2	1	1
855541	0.000012972012	1	1	0
7439	0.000018007271	3	2	1
84250	0.000024229593	7	7	0
54482	0.000013335155	2	2	0
17937	0.000012716842	1	1	0
2587	0.000011549804	1	0	1
114880	0.000020937662	9	9	0
1118	0.000011549804	3	0	3
6433	0.000023887287	9	9	0
293481	0.000011601525	1	1	0
16331	0.000012538857	1	1	0
81810	0.000012605518	1	1	0
1413	0.000011549804	3	0	3
8840	0.000041410925	6	4	2
22241	0.000011549804	1	0	1
67673	0.000015506175	2	2	0
3652	0.000020338532	12	10	2
54733	0.000014655972	4	4	0
11843	0.000011753654	1	1	0
79712	0.000011549804	1	0	1
4258	0.000015554079	6	1	5
5827	0.000017215648	8	6	2
54893	0.000014991361	4	3	1
18475	0.000011549804	2	0	2
5554	0.000022305494	2	1	1
145942	0.000080823757	7	7	0
91807	0.000016144396	4	4	0
1381	0.000011765705	5	1	4
8334	0.000022781461	8	8	0
6608	0.000038753592	4	3	1
9289	0.000045327838	9	8	1
3508	0.000019208765	7	6	1
89848	0.000011673165	8	2	6
90589	0.000012609906	7	1	6
57692	0.000018513093	5	4	1
84107	0.000012437401	2	1	1
83850	0.000011795132	1	1	0
360504	0.000011601525	1	1	0
855003	0.000018773043	2	2	0
84620	0.000021742145	3	2	1
26257	0.000012488629	1	1	0
12549	0.000013883560	1	1	0
57643	0.000017167504	4	4	0
851568	0.000012370649	2	2	0
13000	0.000014615762	2	2	0
28971	0.000017580383	8	5	3
84314	0.000027740147	9	7	2
26269	0.000012293886	6	2	4
2123	0.000011549804	9	0	9
51311	0.000015494257	2	2	0
55821	0.000012465850	1	1	0
100505776	0.000012437967	1	1	0
80739	0.000011549804	2	0	2
361578	0.000011601525	1	1	0
22901	0.000012062077	2	2	0
388135	0.000033643945	12	12	0
9398	0.000012573005	4	1	3
10151	0.000013432326	2	2	0
60436	0.000021894150	5	4	1
852423	0.000014527030	2	2	0
67731	0.000011549804	2	0	2
56928	0.000022164688	10	10	0
57529	0.000013545960	4	4	0
286436	0.000011824438	1	1	0
92126	0.000012093774	1	1	0
57496	0.000026924540	10	9	1
8774	0.000118240584	24	13	11
374928	0.000014496027	2	2	0
23766	0.000016550689	1	1	0
84818	0.000013501285	1	1	0
84645	0.000012583294	2	1	1
5078	0.000011549804	1	0	1
60321	0.000011549804	10	0	10
51320	0.000019172145	6	4	2
851010	0.000012972012	1	1	0
3859	0.000012377977	2	2	0
254427	0.000024854129	10	7	3
100049587	0.000011549804	1	0	1
10780	0.000015545135	4	4	0
11272	0.000016519173	4	2	2
854222	0.000011988621	1	1	0
404672	0.000013000766	17	2	15
54813	0.000011771834	1	1	0
26980	0.000011896719	1	1	0
115024	0.000012763871	4	4	0
91012	0.000011885807	2	2	0
152217	0.000020841744	8	8	0
85446	0.000017833291	4	3	1
38779	0.000011549804	2	0	2
58185	0.000011549804	2	0	2
9547	0.000012050839	4	1	3
55331	0.000012202080	2	2	0
2251	0.000011549804	4	0	4
53421	0.000011753654	1	1	0
10223	0.000012111068	2	2	0
213498	0.000015478676	4	4	0
80059	0.000013426333	2	2	0
160518	0.000011549804	3	0	3
57597	0.000028764673	5	4	1
493753	0.000058182195	5	4	1
268721	0.000011549804	3	0	3
853252	0.000011549804	1	0	1
854914	0.000012972012	1	1	0
3810	0.000012669619	2	2	0
56241	0.000012194090	5	2	3
66445	0.000012963316	1	1	0
2013	0.000011549804	1	0	1
100033413	0.000011972613	1	1	0
131890	0.000014004127	5	2	3
12751	0.000011753654	1	1	0
2196	0.000011549804	1	0	1
53376	0.000011549804	2	0	2
51014	0.000020077709	10	9	1
16542	0.000031235905	3	2	1
128674	0.000018527838	3	3	0
64383	0.000012892992	10	1	9
84667	0.000017950158	6	4	2
18126	0.000013825167	1	1	0
9703	0.000021370971	4	4	0
399512	0.000015121986	4	2	2
834040	0.000012265472	1	1	0
856478	0.000011549804	1	0	1
29546	0.000014059541	2	2	0
80150	0.000026563648	7	7	0
54480	0.000020593108	5	5	0
84336	0.000012736143	2	2	0
374786	0.000013327173	3	3	0
1512	0.000018901293	9	7	2
22891	0.000012195596	4	1	3
5645	0.000093964433	6	3	3
339047	0.000011549804	3	0	3
26138	0.000012515356	4	1	3
59013	0.000011549804	4	0	4
564464	0.000011549804	2	0	2
84674	0.000022191296	6	2	4
84909	0.000011549804	1	0	1
16211	0.000011753654	2	1	1
9710	0.000015939528	6	6	0
285429	0.000014105479	3	3	0
128387	0.000014264306	4	4	0
2867	0.000031925872	5	4	1
54682	0.000011549804	3	0	3
5973	0.000034575669	9	6	3
309126	0.000011601525	1	1	0
54905	0.000012750553	4	1	3
8781	0.000015227394	1	1	0
23258	0.000017672386	6	4	2
855786	0.000012972012	1	1	0
339044	0.000018451599	3	2	1
100132979	0.000054683809	9	8	1
283849	0.000015648358	4	3	1
947	0.000028845320	7	5	2
9622	0.000015633821	3	3	0
757	0.000011549804	2	0	2
944	0.000018508657	4	1	3
260305	0.000011549804	8	0	8
9766	0.000011589791	6	1	5
10924	0.000012878920	3	1	2
8642	0.000012680930	2	2	0
56332	0.000011549804	1	0	1
1761	0.000011601710	2	1	1
57292	0.000011549804	2	0	2
851419	0.000012972012	1	1	0
128408	0.000011778436	1	1	0
56261	0.000011890631	1	1	0
229589	0.000013394227	2	2	0
80014	0.000036429703	13	8	5
6330	0.000057895330	2	2	0
65243	0.000011752301	2	1	1
4685	0.000013472561	4	2	2
55654	0.000011589791	1	1	0
27329	0.000012972012	4	1	3
84326	0.000012039191	2	1	1
83989	0.000018194228	4	4	0
20020	0.000011549804	4	0	4
401447	0.000011752301	1	1	0
9215	0.000012528229	3	2	1
414062	0.000016440531	2	2	0
850376	0.000012972012	1	1	0
281722	0.000011549804	3	0	3
201158	0.000011947819	2	2	0
19401	0.000026711625	6	6	0
84450	0.000022680578	14	14	0
4608	0.000025190904	6	6	0
653252	0.000013831189	1	1	0
51700	0.000025298427	13	10	3
283358	0.000013374426	1	1	0
17261	0.000021398324	1	1	0
6505	0.000014091212	8	4	4
3212	0.000015954216	12	3	9
10463	0.000016217491	10	8	2
667663	0.000013883560	1	1	0
221545	0.000015222004	4	4	0
233489	0.000012762046	1	1	0
60562	0.000017485399	1	1	0
42871	0.000011549804	3	0	3
57748	0.000013214757	1	1	0
13483	0.000014189323	1	1	0
64862	0.000013799666	1	1	0
100009438	0.000011549804	1	0	1
221468	0.000011917490	1	1	0
67371	0.000011549804	6	0	6
79887	0.000016905474	5	3	2
51086	0.000018110532	9	2	7
54851	0.000019675132	7	6	1
671	0.000038648953	1	1	0
2160	0.000024444078	8	3	5
113201	0.000016950702	4	3	1
147463	0.000011549804	7	0	7
1081	0.000018007185	10	2	8
78610	0.000011549804	2	0	2
729967	0.000018871576	3	3	0
492311	0.000013294717	2	2	0
6832	0.000016450081	9	7	2
116984	0.000025514645	2	2	0
163081	0.000015939744	3	2	1
2703428	0.000011611955	1	1	0
3077435	0.000011549804	2	0	2
23544	0.000011549804	3	0	3
855881	0.000012972012	1	1	0
81672	0.000011549804	4	0	4
8427	0.000022509737	5	4	1
84315	0.000020291054	9	7	2
802	0.000011982554	1	1	0
838260	0.000011549804	1	0	1
51622	0.000015672615	5	5	0
60685	0.000018675615	6	5	1
123920	0.000045777368	14	9	5
386617	0.000013657521	2	2	0
8799	0.000018290109	6	5	1
266743	0.000011549804	3	0	3
851819	0.000012972012	1	1	0
10352	0.000017061711	4	3	1
79856	0.000015255054	7	7	0
10683	0.000011549804	3	0	3
380151	0.000014538203	3	1	2
20926	0.000011549804	2	0	2
254531	0.000012024053	3	3	0
853670	0.000012972012	1	1	0
9249	0.000011589791	1	1	0
8322	0.000042407336	12	9	3
852974	0.000015243984	1	1	0
89887	0.000013109822	3	2	1
51554	0.000018020428	11	1	10
81522	0.000013799666	1	1	0
53637	0.000021628013	7	6	1
38846	0.000011549804	1	0	1
181255	0.000021554785	1	1	0
399909	0.000015350595	7	7	0
1379	0.000011549804	1	0	1
85397	0.000016054700	6	4	2
66314	0.000012892992	1	1	0
64663	0.000013611361	1	1	0
34263	0.000017105182	2	2	0
83479	0.000011951054	3	3	0
116441	0.000012177390	1	1	0
19164	0.000012872149	1	1	0
9855	0.000021920831	7	6	1
3697	0.000019744712	5	5	0
3359	0.000013033887	2	1	1
754	0.000020105511	11	4	7
57089	0.000012540320	3	3	0
7226	0.000051470356	3	3	0
253738	0.000015719639	4	3	1
51330	0.000013468362	9	1	8
23401	0.000012886911	2	2	0
10168	0.000022443998	10	9	1
22153	0.000014727889	3	3	0
200316	0.000013962966	7	5	2
3596	0.000046870568	6	4	2
92283	0.000012143359	4	1	3
51507	0.000014630956	16	7	9
63920	0.000015895977	12	6	6
127002	0.000017069296	8	4	4
51806	0.000033860745	30	26	4
140834	0.000018883920	3	3	0
84465	0.000013439386	3	3	0
29081	0.000021858863	3	3	0
50509	0.000020503480	5	5	0
729230	0.000045277518	9	8	1
201283	0.000011993053	1	1	0
94107	0.000032591787	5	4	1
22925	0.000011549804	2	0	2
653316	0.000011549804	1	0	1
100288778	0.000030270926	2	2	0
158809	0.000036568899	7	7	0
400682	0.000012431775	1	1	0
192129	0.000014172057	2	1	1
338567	0.000011549804	2	0	2
19720	0.000013693047	1	1	0
576779	0.000012749598	1	1	0
396450	0.000013734802	1	1	0
80110	0.000016731793	4	3	1
60406	0.000027306940	1	1	0
285237	0.000015623257	3	2	1
79672	0.000013275556	10	5	5
3141	0.000017035499	7	3	4
25517	0.000011549804	1	0	1
16678	0.000012762046	1	1	0
10224	0.000012193335	2	1	1
57863	0.000014315873	1	1	0
56300	0.000012600986	3	3	0
135886	0.000011683148	1	1	0
10548	0.000043088697	8	8	0
22067	0.000016509849	1	1	0
27304	0.000025107587	10	8	2
10308	0.000039584493	5	4	1
387718	0.000013538345	2	2	0
852476	0.000012972012	1	1	0
100310785	0.000022511848	3	3	0
850598	0.000012972012	1	1	0
3982	0.000012177171	1	1	0
677815	0.000011972613	1	1	0
67054	0.000012892992	1	1	0
100505879	0.000011549804	1	0	1
112770	0.000016309928	5	5	0
309197	0.000011601525	1	1	0
3487	0.000025610365	11	5	6
56146	0.000026643964	10	10	0
311470	0.000011601525	1	1	0
57184	0.000015597367	11	4	7
653214	0.000012069485	3	3	0
2703426	0.000011697498	2	2	0
1687	0.000012123315	7	3	4
158358	0.000019306765	4	4	0
240354	0.000017258130	1	1	0
853077	0.000012972012	1	1	0
56212	0.000012902051	1	1	0
55301	0.000024627237	5	5	0
852457	0.000011549804	1	0	1
84668	0.000012253683	5	4	1
54567	0.000026689544	5	5	0
92293	0.000011717050	1	1	0
11042	0.000011964491	4	2	2
1299	0.000013339486	3	2	1
100128400	0.000012371902	1	1	0
255798	0.000017905443	1	1	0
8707	0.000011549804	10	0	10
79613	0.000012350589	4	2	2
171586	0.000013820782	3	3	0
114780	0.000011674794	2	1	1
852433	0.000011549804	2	0	2
1573	0.000012206941	3	1	2
280664	0.000017748010	2	1	1
147011	0.000015965373	1	1	0
140628	0.000016632203	8	4	4
398110	0.000011549804	3	0	3
10139	0.000017339386	3	2	1
27276	0.000019808881	3	3	0
20979	0.000012892992	1	1	0
50617	0.000011549804	1	0	1
24832	0.000011601525	1	1	0
90407	0.000013379842	4	2	2
1903	0.000018421142	4	2	2
17532	0.000011549804	1	0	1
6822	0.000027434019	7	4	3
440456	0.000011994584	1	1	0
16456	0.000011549804	1	0	1
126006	0.000017692211	6	5	1
10595	0.000014206229	1	1	0
54968	0.000023397814	6	6	0
57636	0.000016371813	5	5	0
201164	0.000013913777	4	4	0
362273	0.000011601525	1	1	0
140947	0.000016915469	3	3	0
26279	0.000011670867	2	1	1
83636	0.000014525912	2	1	1
5122	0.000035270690	9	4	5
5367	0.000053135120	10	8	2
57679	0.000015244419	3	3	0
445403	0.000016575410	2	1	1
63874	0.000016625909	7	4	3
54555	0.000089844531	10	7	3
164284	0.000028971236	3	3	0
830548	0.000012265472	1	1	0
63941	0.000027197237	4	3	1
22879	0.000023080851	8	2	6
67830	0.000011549804	1	0	1
80704	0.000030515228	4	4	0
406921	0.000012502082	1	1	0
18810	0.000011971188	1	1	0
14359	0.000012249679	1	1	0
366988	0.000013026208	1	1	0
92255	0.000015213240	5	5	0
57705	0.000011771834	1	1	0
92359	0.000025078853	6	6	0
100337841	0.000011983440	1	1	0
441400	0.000012837571	2	2	0
80763	0.000011549804	1	0	1
728340	0.000017286487	6	5	1
553	0.000017128740	3	3	0
1668	0.000013360518	2	1	1
90987	0.000022809353	6	6	0
55154	0.000029582543	15	13	2
54995	0.000015672960	7	5	2
147947	0.000011549804	3	0	3
374378	0.000013540659	6	6	0
770	0.000016894494	7	4	3
2488	0.000015759937	3	2	1
6754	0.000019707164	2	2	0
83642	0.000027241265	6	6	0
3231	0.000012125774	1	1	0
55799	0.000011549804	1	0	1
349334	0.000013810094	1	1	0
852955	0.000013361705	1	1	0
23059	0.000015348773	11	7	4
54538	0.000011549804	5	0	5
403244	0.000011905179	2	2	0
29869	0.000011549804	1	0	1
360165	0.000011771834	1	1	0
83957	0.000011549804	2	0	2
55600	0.000018637348	11	1	10
852322	0.000011549804	1	0	1
64063	0.000011549804	2	0	2
203427	0.000012518044	3	3	0
80298	0.000011549804	1	0	1
159119	0.000018448444	4	4	0
71746	0.000012282005	1	1	0
73341	0.000018550155	4	4	0
74137	0.000019421683	4	4	0
6527	0.000012177390	3	1	2
4293	0.000012605518	2	1	1
852364	0.000012972012	1	1	0
8437	0.000031429592	6	5	1
92552	0.000025095504	8	7	1
6343	0.000021636715	8	6	2
646	0.000015125824	2	2	0
10057	0.000013451212	10	6	4
11749	0.000013605249	1	1	0
375190	0.000022236891	1	1	0
68743	0.000011549804	1	0	1
133022	0.000038752401	10	8	2
396198	0.000011549804	5	0	5
67102	0.000011549804	2	0	2
10045	0.000013461980	8	3	5
361365	0.000015872024	1	1	0
64167	0.000011721155	1	1	0
852122	0.000011549804	1	0	1
1504	0.000015624265	6	1	5
4062	0.000012192465	3	2	1
855204	0.000013142891	1	1	0
54103	0.000011549804	4	0	4
83552	0.000017398890	2	2	0
150681	0.000084328345	2	2	0
43819	0.000011790896	1	1	0
255101	0.000012583294	2	1	1
54680	0.000022434348	11	11	0
57054	0.000013942848	1	1	0
1490003	0.000011549804	2	0	2
26408	0.000011549804	1	0	1
852742	0.000012972012	1	1	0
78889	0.000015711248	7	4	3
257313	0.000011549804	1	0	1
2837	0.000039699789	2	2	0
2070	0.000013409174	2	2	0
145757	0.000012033716	1	1	0
254102	0.000041968669	10	6	4
57631	0.000044140091	14	14	0
855420	0.000013052315	1	1	0
14182	0.000012327795	4	1	3
79958	0.000011589791	2	1	1
9091	0.000021772783	8	4	4
144347	0.000012294506	3	1	2
83891	0.000016045897	3	3	0
83549	0.000020543019	4	4	0
9104	0.000019817895	6	3	3
88745	0.000012571908	5	4	1
159162	0.000016931279	1	1	0
2660	0.000021453473	5	1	4
10272	0.000016073732	5	1	4
79581	0.000012975170	2	2	0
34119	0.000015284643	2	1	1
728970	0.000013540164	4	1	3
817569	0.000011549804	1	0	1
140683	0.000018793926	2	2	0
79982	0.000014882382	6	2	4
221178	0.000012977716	1	1	0
854462	0.000012972012	1	1	0
51218	0.000016489479	11	4	7
51523	0.000016934273	7	6	1
64806	0.000011824438	2	1	1
139804	0.000012194305	2	2	0
116154	0.000014773072	7	4	3
339512	0.000011549804	1	0	1
10324	0.000015533989	8	3	5
55278	0.000011549804	3	0	3
285973	0.000012787836	3	3	0
338879	0.000033697060	4	4	0
397519	0.000012031326	1	1	0
941	0.000025831605	5	3	2
144406	0.000012270664	2	2	0
3081	0.000018186381	8	5	3
384	0.000026036349	7	3	4
79147	0.000018654615	6	6	0
8786	0.000013883178	4	3	1
7404	0.000021400116	6	4	2
100287362	0.000012748135	1	1	0
389015	0.000015337672	2	2	0
619279	0.000012631959	2	2	0
19411	0.000012685203	1	1	0
3248	0.000011549804	1	0	1
5251	0.000012074420	2	1	1
79752	0.000011589791	1	1	0
3361036	0.000011549804	1	0	1
113000	0.000015349058	4	4	0
401409	0.000148847823	3	3	0
25890	0.000016129504	8	4	4
4595	0.000014771102	11	4	7
856716	0.000012972012	1	1	0
64771	0.000013445865	7	5	2
149840	0.000014568469	4	3	1
22865	0.000012494785	1	1	0
23768	0.000011549804	2	0	2
368	0.000019106203	5	1	4
148254	0.000020465888	3	2	1
14695	0.000013883560	1	1	0
25975	0.000011549804	3	0	3
51088	0.000015754820	7	7	0
283518	0.000051976806	7	7	0
25790	0.000016812251	4	3	1
57107	0.000011892404	3	2	1
3071	0.000015304349	7	4	3
57408	0.000012277062	2	1	1
23129	0.000011698014	4	1	3
12555	0.000018640360	1	1	0
5731	0.000013455114	5	2	3
64089	0.000017739449	7	7	0
4482	0.000011549804	1	0	1
79078	0.000037212722	14	12	2
58822	0.000011549804	1	0	1
9304	0.000012151583	3	3	0
221017	0.000011549804	1	0	1
80381	0.000012434335	3	3	0
254552	0.000012783481	1	1	0
823923	0.000020354578	1	1	0
850511	0.000011549804	2	0	2
79368	0.000012509017	1	1	0
84092	0.000011907557	4	1	3
5509	0.000018593544	11	7	4
90834	0.000045759983	5	5	0
27106	0.000014283012	3	1	2
22627	0.000015738611	3	2	1
829301	0.000014709904	1	1	0
9576	0.000034496961	3	1	2
59035	0.000015791803	1	1	0
206358	0.000011689791	2	1	1
221091	0.000011674794	1	1	0
147912	0.000013147690	8	4	4
853757	0.000012972012	1	1	0
5475	0.000012892992	4	1	3
79658	0.000037725904	10	8	2
342372	0.000013681300	1	1	0
3109	0.000017689462	13	4	9
644914	0.000013259405	2	2	0
541471	0.000018039014	3	3	0
19744	0.000019441042	2	2	0
12301	0.000011549804	1	0	1
853527	0.000012972012	1	1	0
54529	0.000013072440	1	1	0
57613	0.000022220486	10	10	0
302688	0.000011601525	1	1	0
1145	0.000011549804	1	0	1
1134	0.000024985844	4	2	2
818260	0.000012265472	1	1	0
854263	0.000012972012	1	1	0
29533	0.000011549804	1	0	1
3624	0.000054528045	17	12	5
285555	0.000011549804	3	0	3
72056	0.000011549804	3	0	3
7115	0.000012027124	2	1	1
64417	0.000011549804	1	0	1
64130	0.000038600105	18	12	6
2713	0.000012233647	3	1	2
1513	0.000016364840	10	3	7
850682	0.000012972012	1	1	0
6906	0.000012292815	6	2	4
77683	0.000012630475	1	1	0
643866	0.000031292128	3	2	1
92737	0.000021752585	4	4	0
25508	0.000011549804	1	0	1
84874	0.000012606190	1	1	0
151393	0.000043235039	8	7	1
56274	0.000011549804	1	0	1
107823	0.000011549804	1	0	1
2217	0.000018219518	9	7	2
116685	0.000026307070	4	4	0
9903	0.000021111339	9	6	3
719	0.000020579176	3	2	1
100170217	0.000011549804	2	0	2
266759	0.000011601525	1	1	0
25297	0.000012966601	2	1	1
26795	0.000011994584	1	1	0
29456	0.000011601525	1	1	0
151888	0.000011549804	4	0	4
81025	0.000012403525	1	1	0
23657	0.000021319826	7	3	4
9159	0.000042173148	7	7	0
79969	0.000011674794	2	1	1
2813	0.000013645172	7	1	6
222537	0.000011549804	8	0	8
379130	0.000011549804	1	0	1
852883	0.000012972012	1	1	0
5913	0.000035575828	9	7	2
148523	0.000013132661	9	2	7
191736	0.000011549804	4	0	4
140688	0.000027019568	4	4	0
26285	0.000017026044	1	1	0
3495	0.000015094259	2	1	1
124401	0.000012249129	3	3	0
4632	0.000014020620	11	4	7
9563	0.000018149676	5	5	0
79898	0.000014607622	4	3	1
218038	0.000012892992	1	1	0
54345	0.000029395482	4	4	0
7498	0.000021215700	4	3	1
388524	0.000017423649	4	4	0
853041	0.000011549804	1	0	1
127602	0.000012251682	4	2	2
374918	0.000011684521	1	1	0
54953	0.000014594991	3	3	0
65055	0.000013186468	3	2	1
1487968	0.000014678690	3	2	1
854335	0.000012972012	1	1	0
20619	0.000013181203	5	1	4
158293	0.000012183347	2	2	0
677776	0.000012837005	1	1	0
326597	0.000013756257	2	2	0
390327	0.000018606192	1	1	0
12122	0.000014879137	3	3	0
9684	0.000017565383	8	4	4
56656	0.000011549804	2	0	2
11259	0.000037984419	3	1	2
108897	0.000011549804	5	0	5
8532	0.000011549804	3	0	3
126075	0.000012595637	1	1	0
9538	0.000018643741	3	3	0
150000	0.000011549804	1	0	1
23670	0.000012470156	7	6	1
692158	0.000011972613	1	1	0
51123	0.000023748737	5	3	2
4501	0.000012806469	6	5	1
150372	0.000017253521	6	3	3
362182	0.000011601525	1	1	0
253175	0.000012972012	1	1	0
55164	0.000018110546	9	6	3
645121	0.000011549804	6	0	6
401067	0.000017748010	2	1	1
176380	0.000011549804	1	0	1
856161	0.000011549804	1	0	1
8611	0.000035311868	7	7	0
856570	0.000012320656	1	1	0
50884	0.000012892992	1	1	0
29365	0.000013974321	1	1	0
8857	0.000012452911	2	2	0
1497087	0.000011549804	1	0	1
12606	0.000014754194	2	2	0
9630	0.000043924032	10	8	2
148741	0.000017350775	2	2	0
1821	0.000015571279	5	2	3
23643	0.000019854132	6	4	2
80215	0.000012040188	1	1	0
56900	0.000011589791	1	1	0
13855	0.000012762046	1	1	0
851052	0.000012972012	1	1	0
10407	0.000011549804	2	0	2
23179	0.000013461641	5	1	4
20588	0.000011549804	13	0	13
374354	0.000029573065	12	8	4
3899	0.000013634506	4	2	2
59274	0.000012676171	3	2	1
64073	0.000012602292	3	1	2
1675	0.000022675033	5	2	3
27120	0.000026173648	7	6	1
74734	0.000013883560	1	1	0
54998	0.000018671783	12	8	4
84247	0.000015934891	5	5	0
281105	0.000011549804	1	0	1
29995	0.000023715910	11	8	3
161247	0.000011549804	1	0	1
55733	0.000012479386	1	1	0
300218	0.000011601525	1	1	0
246709	0.000011549804	2	0	2
83557	0.000012249679	4	1	3
11320	0.000011549804	4	0	4
297428	0.000011601525	1	1	0
22914	0.000024265468	11	3	8
79838	0.000029311084	1	1	0
64895	0.000025149040	9	7	2
63933	0.000080410003	2	2	0
400389	0.000011795132	1	1	0
94194	0.000011601525	1	1	0
69807	0.000011549804	5	0	5
55531	0.000015508784	6	1	5
143941	0.000012972012	1	1	0
7733	0.000011886269	4	1	3
84695	0.000014657530	1	1	0
3809	0.000012511695	1	1	0
20302	0.000012673722	1	1	0
73738	0.000011549804	1	0	1
55855	0.000015166562	2	2	0
440157	0.000013195363	2	2	0
17758	0.000015723957	3	3	0
23284	0.000011786901	3	1	2
400360	0.000012542776	1	1	0
134829	0.000015667762	4	4	0
55617	0.000012892535	3	1	2
6583	0.000012548773	4	1	3
10216	0.000011601710	2	1	1
65981	0.000026170400	7	6	1
617095	0.000011549804	2	0	2
499088	0.000011549804	2	0	2
57217	0.000013107755	3	3	0
851754	0.000012972012	1	1	0
64762	0.000016389546	7	7	0
58495	0.000011683148	3	1	2
79661	0.000016343385	5	1	4
94059	0.000012416836	2	2	0
22671	0.000011549804	1	0	1
15568	0.000012249679	9	1	8
281825	0.000013985454	1	1	0
449520	0.000025031706	1	1	0
1490009	0.000013021493	2	1	1
851756	0.000013190962	4	3	1
851412	0.000012972012	1	1	0
71176	0.000014615762	2	2	0
84878	0.000012736487	3	2	1
855866	0.000012972012	1	1	0
26940	0.000017817548	2	2	0
15170	0.000011549804	1	0	1
8082	0.000026441152	6	6	0
855303	0.000012972012	1	1	0
16801	0.000014958816	3	3	0
856613	0.000013869405	1	1	0
83439	0.000037143930	5	5	0
199731	0.000015627391	4	4	0
53820	0.000018263546	4	2	2
9083	0.000011549804	2	0	2
54832	0.000019634209	4	4	0
20185	0.000017536147	2	2	0
68342	0.000012963316	1	1	0
854933	0.000011752301	1	1	0
729020	0.000013004959	1	1	0
1844	0.000013286551	3	2	1
6473	0.000016514897	6	3	3
79730	0.000011549804	2	0	2
162699	0.000012039191	4	1	3
24064	0.000012762046	1	1	0
1266	0.000015974113	12	6	6
403312	0.000011549804	1	0	1
300253	0.000011601525	1	1	0
53346	0.000013185661	3	2	1
853699	0.000012972012	1	1	0
10507	0.000011942745	5	2	3
820196	0.000012265472	1	1	0
51312	0.000013777781	2	2	0
151449	0.000011549804	1	0	1
255119	0.000011683148	2	1	1
56103	0.000011683148	1	1	0
8609	0.000011549804	2	0	2
59336	0.000012494785	1	1	0
7711	0.000012143359	7	1	6
64173	0.000012033716	1	1	0
2103	0.000026826032	8	7	1
8701	0.000011771923	1	1	0
447787	0.000019497977	2	2	0
855892	0.000012936427	1	1	0
90736	0.000011589791	1	1	0
254956	0.000021891735	2	2	0
124912	0.000014760878	2	1	1
27065	0.000017484445	8	6	2
401548	0.000015433604	3	3	0
54979	0.000017748010	1	1	0
26027	0.000012204781	2	1	1
417	0.000011549804	1	0	1
362799	0.000012273861	1	1	0
79774	0.000012235060	1	1	0
853340	0.000024494539	1	1	0
50805	0.000015012770	2	2	0
55150	0.000015628355	3	2	1
34805	0.000011549804	1	0	1
50486	0.000011549804	1	0	1
338662	0.000011683148	1	1	0
7032	0.000021962095	3	3	0
643949	0.000011795132	1	1	0
6373	0.000021758070	5	3	2
12313	0.000015599443	3	3	0
106504	0.000011549804	4	0	4
140851	0.000014292837	1	1	0
89927	0.000019879402	3	2	1
474354	0.000013424961	2	2	0
64407	0.000011549804	5	0	5
55778	0.000017633590	5	2	3
16846	0.000011549804	3	0	3
340205	0.000011549804	2	0	2
54933	0.000011984521	3	1	2
221914	0.000012816977	1	1	0
89874	0.000020047350	9	5	4
26831	0.000036896139	5	5	0
64236	0.000026483952	12	10	2
51289	0.000011549804	2	0	2
440955	0.000014595716	2	1	1
379991	0.000011891214	1	1	0
89970	0.000030698527	10	10	0
854932	0.000012972012	1	1	0
56217	0.000011549804	1	0	1
165082	0.000012039191	1	1	0
221400	0.000012335312	3	2	1
319876	0.000011549804	11	0	11
12028	0.000011549804	7	0	7
259232	0.000014513371	3	3	0
3291	0.000018691339	4	3	1
58945	0.000011601525	1	1	0
93082	0.000016729567	8	2	6
10326	0.000012923571	6	2	4
27136	0.000011549804	4	0	4
219670	0.000025891619	1	1	0
153733	0.000041657809	14	11	3
94233	0.000013910491	3	1	2
3773	0.000027705975	3	3	0
80162	0.000012057148	1	1	0
27321	0.000019539995	1	1	0
314352	0.000011601525	1	1	0
3883	0.000014762016	3	3	0
187	0.000011549804	1	0	1
779	0.000016964390	9	2	7
379992	0.000011549804	1	0	1
60384	0.000011601525	1	1	0
283165	0.000012415886	2	1	1
56816	0.000013144237	3	1	2
21991	0.000011549804	3	0	3
122402	0.000015665710	2	2	0
79918	0.000011549804	1	0	1
209737	0.000011549804	4	0	4
440248	0.000011549804	1	0	1
79017	0.000015325410	10	6	4
26894	0.000012337831	1	1	0
27166	0.000013670875	2	1	1
1848	0.000017915529	10	6	4
30951	0.000011549804	2	0	2
832950	0.000012265472	1	1	0
196549	0.000026989044	2	2	0
4033	0.000017728495	5	3	2
7116	0.000012027124	1	1	0
67603	0.000013883560	1	1	0
9287	0.000011617139	1	1	0
1382	0.000015867488	8	5	3
282208	0.000014964577	2	2	0
150274	0.000024078005	6	5	1
93129	0.000028190128	3	1	2
29718	0.000012121680	1	1	0
219293	0.000015940727	5	4	1
25365	0.000011601525	1	1	0
9823	0.000021555146	2	2	0
27418	0.000011549804	6	0	6
28	0.000011617139	3	1	2
18106	0.000011549804	1	0	1
6550	0.000046092263	12	10	2
77593	0.000017209069	3	3	0
90423	0.000027656573	5	5	0
9992	0.000015769455	3	3	0
29902	0.000011828647	1	1	0
115557	0.000021116300	5	3	2
57185	0.000016211013	4	3	1
59067	0.000019544952	4	3	1
4781	0.000021997395	13	11	2
140661	0.000011601525	1	1	0
202052	0.000011827460	1	1	0
8382	0.000011549804	2	0	2
282419	0.000011549804	1	0	1
70737	0.000011549804	1	0	1
403649	0.000011549804	1	0	1
84266	0.000015803599	4	2	2
119016	0.000012474575	2	2	0
64845	0.000013799666	1	1	0
68828	0.000012762046	1	1	0
4974	0.000018274198	2	2	0
6557	0.000014186994	3	2	1
23175	0.000017205129	7	6	1
851082	0.000017881605	1	1	0
100009271	0.000013670875	1	1	0
79827	0.000012341316	1	1	0
855224	0.000015586804	2	2	0
100271066	0.000014458220	2	2	0
18854	0.000011549804	3	0	3
2135	0.000015108431	3	3	0
852886	0.000011549804	1	0	1
84627	0.000011644708	1	1	0
43767	0.000012749598	1	1	0
55051	0.000019932470	6	6	0
11023	0.000013009310	4	2	2
259249	0.000011549804	4	0	4
83941	0.000083311945	2	2	0
113277	0.000081923370	12	11	1
869	0.000038437672	1	1	0
6358	0.000023361079	8	6	2
59348	0.000025520880	10	7	3
334932	0.000011549804	1	0	1
83383	0.000013535398	1	1	0
79676	0.000011621259	3	1	2
4975	0.000011549804	2	0	2
212647	0.000011549804	2	0	2
108099	0.000012716842	1	1	0
60581	0.000014803985	1	1	0
27087	0.000018852245	6	1	5
3108	0.000016470104	9	2	7
20497	0.000011549804	1	0	1
25948	0.000013926847	4	4	0
94025	0.000019870250	7	7	0
285596	0.000021884712	4	4	0
5672	0.000041316947	5	4	1
323865	0.000011549804	4	0	4
57468	0.000011916808	2	2	0
641373	0.000011778583	1	1	0
6283	0.000015080813	2	2	0
26061	0.000016915625	8	4	4
854915	0.000012972012	1	1	0
29468	0.000013346377	1	1	0
68349	0.000013813775	2	2	0
227937	0.000012881437	1	1	0
1953	0.000014278709	7	6	1
100131439	0.000011549804	1	0	1
19082	0.000012716842	1	1	0
399335	0.000012598683	1	1	0
152816	0.000019133078	3	3	0
146754	0.000012625151	2	2	0
1183	0.000011549804	1	0	1
51804	0.000023840180	5	4	1
3373	0.000013636709	2	2	0
388650	0.000015415375	7	7	0
855972	0.000012972012	1	1	0
853587	0.000012972012	2	1	1
389791	0.000026914139	1	1	0
5639	0.000015315492	7	4	3
951476	0.000012415886	1	1	0
855491	0.000014893799	2	2	0
79998	0.000014754651	3	2	1
116654	0.000013882894	1	1	0
641324	0.000014270322	1	1	0
342184	0.000015491472	4	4	0
850694	0.000011549804	1	0	1
29887	0.000017848034	6	4	2
27283	0.000015253187	3	1	2
5457	0.000011549804	3	0	3
851069	0.000012972012	1	1	0
56898	0.000013656318	2	2	0
85360	0.000012880267	2	2	0
1180	0.000015673084	7	3	4
16582	0.000011549804	2	0	2
175643	0.000017510896	3	2	1
64097	0.000013323561	4	3	1
525716	0.000011549804	1	0	1
645922	0.000037069954	3	3	0
10217	0.000035826785	10	5	5
125113	0.000011549804	1	0	1
20463	0.000012963316	1	1	0
23808	0.000014104955	2	2	0
64053	0.000017466712	2	2	0
11640	0.000014072861	1	1	0
221687	0.000014310310	5	2	3
10962	0.000017906400	3	3	0
401466	0.000012813846	1	1	0
230073	0.000011549804	2	0	2
856891	0.000013459907	1	1	0
6490	0.000013034477	1	1	0
100365839	0.000011601525	1	1	0
1582	0.000011549804	1	0	1
55471	0.000022727164	7	6	1
150248	0.000015844208	6	3	3
29801	0.000012926335	2	2	0
100862847	0.000011752301	1	1	0
231123	0.000011549804	3	0	3
2539974	0.000012925784	1	1	0
851906	0.000013459907	1	1	0
7252	0.000020503948	5	4	1
7425	0.000014601023	6	6	0
11238	0.000012120115	3	3	0
57558	0.000012790143	1	1	0
11132	0.000013020045	6	1	5
57055	0.000011864452	1	1	0
821003	0.000012265472	1	1	0
854433	0.000012972012	1	1	0
149837	0.000014531191	1	1	0
21667	0.000011549804	2	0	2
3908	0.000037719971	9	7	2
681284	0.000011601525	1	1	0
851424	0.000017550046	2	2	0
197358	0.000017085346	2	1	1
17120	0.000011549804	1	0	1
3565820	0.000011549804	2	0	2
10690	0.000011771923	11	1	10
28442	0.000011790896	2	1	1
852026	0.000012972012	1	1	0
2028	0.000014177707	2	1	1
885	0.000033587537	7	5	2
2116	0.000011549804	1	0	1
83872	0.000017249757	4	3	1
381305	0.000012716842	3	1	2
10418	0.000012627271	6	2	4
6094	0.000022163074	2	2	0
1361	0.000017141047	7	3	4
5858	0.000023764847	8	6	2
2703429	0.000011611955	1	1	0
375033	0.000025007888	8	4	4
83854	0.000012437967	1	1	0
8763	0.000015630250	6	4	2
34595	0.000015382291	2	2	0
852015	0.000012972012	1	1	0
115352	0.000011549804	4	0	4
104252	0.000012963316	1	1	0
56604	0.000036187399	13	13	0
855844	0.000012972012	1	1	0
27439	0.000012494785	1	1	0
57719	0.000024709424	2	2	0
57198	0.000014353346	4	4	0
113655	0.000019622660	6	4	2
3627	0.000022946078	7	6	1
168537	0.000011549804	1	0	1
20392	0.000013325014	1	1	0
54816	0.000018548424	4	4	0
511298	0.000012374122	1	1	0
26048	0.000012449586	1	1	0
192117	0.000014027852	2	2	0
285668	0.000011549804	1	0	1
90586	0.000011549804	1	0	1
28974	0.000016264365	2	2	0
18198	0.000011549804	1	0	1
339768	0.000017420968	2	2	0
5053	0.000017552952	14	4	10
1036	0.000013681300	5	1	4
57667	0.000015150524	1	1	0
129446	0.000016953024	7	4	3
3772	0.000015125654	4	3	1
401285	0.000014842896	5	1	4
14083	0.000011549804	2	0	2
850424	0.000011549804	2	0	2
122622	0.000011549804	4	0	4
3126	0.000014941468	11	2	9
493911	0.000040343192	7	7	0
3918	0.000021396578	10	5	5
9002	0.000013901712	2	2	0
403944	0.000014538311	1	1	0
170850	0.000036879343	4	4	0
64108	0.000016937108	4	2	2
8372	0.000014980884	4	2	2
51673	0.000012403525	2	1	1
64111	0.000022497699	4	4	0
26254	0.000011902757	2	1	1
53319	0.000011549804	1	0	1
10479	0.000013129833	6	5	1
81749	0.000015685003	1	1	0
360216	0.000011549804	1	0	1
399664	0.000021105351	7	5	2
1551	0.000011549804	6	0	6
850747	0.000012972012	1	1	0
6920	0.000016592088	1	1	0
68267	0.000012963316	1	1	0
4345	0.000025048693	3	1	2
76688	0.000012902051	1	1	0
19200	0.000011549804	1	0	1
143379	0.000026216347	6	6	0
9966	0.000011549804	2	0	2
3249	0.000023033329	6	4	2
81890	0.000025778385	17	6	11
15898	0.000012963316	1	1	0
126402	0.000012002207	1	1	0
3077542	0.000014722195	1	1	0
148266	0.000028711824	4	4	0
64743	0.000012254551	2	1	1
139135	0.000011549804	1	0	1
56287	0.000020564223	9	5	4
14241	0.000013988972	1	1	0
268903	0.000015562775	3	1	2
1144	0.000022292051	3	1	2
22066	0.000016509849	1	1	0
23305	0.000011549804	2	0	2
80835	0.000011549804	1	0	1
83756	0.000031199113	2	2	0
50846	0.000011549804	3	0	3
1960	0.000011549804	3	0	3
54257	0.000011549804	1	0	1
282312	0.000014729562	5	3	2
10406	0.000012953326	2	1	1
282049	0.000011549804	3	0	3
152195	0.000011549804	1	0	1
12531	0.000011549804	1	0	1
854882	0.000012972012	1	1	0
855602	0.000011549804	2	0	2
6899	0.000012335312	2	2	0
66734	0.000012963316	1	1	0
28084	0.000011549804	3	0	3
65997	0.000035876745	8	7	1
71878	0.000011549804	13	0	13
11652	0.000011549804	3	0	3
853319	0.000012972012	1	1	0
854758	0.000012972012	1	1	0
23261	0.000011907096	1	1	0
20437	0.000013648461	1	1	0
2687	0.000011549804	2	0	2
157753	0.000026744882	2	1	1
113263	0.000016991910	7	6	1
24855	0.000015082677	3	1	2
22953	0.000011549804	3	0	3
5024	0.000014824689	1	1	0
55002	0.000012429067	3	3	0
146722	0.000011549804	4	0	4
282016	0.000013380587	1	1	0
66603	0.000011549804	3	0	3
851195	0.000012972012	1	1	0
117154	0.000013503939	1	1	0
856303	0.000016154740	1	1	0
11821	0.000012716842	1	1	0
64506	0.000027540404	6	2	4
80208	0.000018356025	4	4	0
83650	0.000015756828	1	1	0
304500	0.000011601525	1	1	0
344657	0.000011980583	1	1	0
1671	0.000011549804	4	0	4
66468	0.000011549804	5	0	5
4257	0.000013717550	5	3	2
57834	0.000011549804	1	0	1
399665	0.000074584699	8	8	0
9607	0.000016761121	2	2	0
148170	0.000015306062	5	1	4
194388	0.000017198047	1	1	0
79635	0.000020656915	11	6	5
856912	0.000012972012	1	1	0
51450	0.000011549804	1	0	1
13405	0.000011549804	1	0	1
200172	0.000011549804	1	0	1
116437	0.000011752074	1	1	0
175852	0.000013097534	1	1	0
57211	0.000011570747	1	1	0
66075	0.000012963316	1	1	0
681578	0.000011601525	1	1	0
80745	0.000013901203	4	2	2
13435	0.000016614207	3	2	1
55018	0.000011549804	2	0	2
345275	0.000011549804	2	0	2
141	0.000013066521	6	3	3
91464	0.000015694119	3	3	0
7477	0.000033929282	6	6	0
58189	0.000018880921	7	5	2
55039	0.000011549804	1	0	1
64424	0.000011549804	1	0	1
7148	0.000011549804	6	0	6
57017	0.000014298247	5	4	1
130752	0.000011549804	6	0	6
151649	0.000011549804	1	0	1
54965	0.000011772300	2	1	1
7772	0.000024866737	2	1	1
57471	0.000017324786	4	3	1
51111	0.000013659412	6	2	4
853712	0.000021650789	4	4	0
10825	0.000020434684	4	4	0
3439	0.000013503939	8	1	7
64096	0.000027879728	2	2	0
20893	0.000014702437	2	2	0
839740	0.000021959552	1	1	0
26253	0.000018774924	4	4	0
3358	0.000020311285	7	2	5
1758	0.000011549804	2	0	2
20869	0.000011549804	3	0	3
850329	0.000012972012	2	1	1
152756	0.000012415886	1	1	0
55243	0.000027220261	14	11	3
642636	0.000011789142	1	1	0
400566	0.000011549804	1	0	1
90871	0.000015044058	3	2	1
126321	0.000012017097	2	2	0
117	0.000011549804	5	0	5
2928	0.000011549804	1	0	1
851551	0.000012972012	1	1	0
327826	0.000011549804	1	0	1
11771	0.000013952369	2	2	0
26799	0.000011972613	1	1	0
220869	0.000021577555	2	2	0
36040	0.000011549804	2	0	2
50862	0.000015156147	7	4	3
642475	0.000013444857	2	2	0
283149	0.000022265459	7	6	1
57666	0.000017683667	6	6	0
116832	0.000012708285	2	2	0
7172	0.000011549804	1	0	1
285761	0.000013417470	2	2	0
285600	0.000011972613	2	1	1
855478	0.000012972012	1	1	0
853789	0.000014707036	2	2	0
133688	0.000011549804	1	0	1
16978	0.000020384346	3	3	0
116844	0.000015557313	5	2	3
54363	0.000021040594	4	3	1
23480	0.000016268787	6	5	1
837307	0.000012265472	1	1	0
55793	0.000019252255	6	5	1
23539	0.000016442064	2	2	0
246757	0.000012548773	1	1	0
57689	0.000029037809	3	3	0
284565	0.000011549804	1	0	1
11219	0.000014768070	5	3	2
5004	0.000027097392	11	9	2
339779	0.000037296477	3	2	1
74015	0.000015614019	2	2	0
155054	0.000011549804	1	0	1
51099	0.000022145653	7	4	3
220202	0.000012543085	1	1	0
8838	0.000011549804	5	0	5
18221	0.000012892992	1	1	0
12861	0.000012963316	1	1	0
285193	0.000022004135	3	3	0
3118	0.000011549804	3	0	3
3119	0.000015365212	4	2	2
100124533	0.000011994584	1	1	0
441642	0.000016448272	9	9	0
27147	0.000011847038	3	2	1
79634	0.000013572743	2	2	0
55259	0.000016858301	4	4	0
20683	0.000024238700	7	7	0
94160	0.000016426196	1	1	0
84034	0.000012657490	2	2	0
728492	0.000011549804	1	0	1
55107	0.000011795132	2	1	1
12922	0.000011549804	2	0	2
114131	0.000019957079	5	2	3
59353	0.000011549804	2	0	2
23765	0.000018799065	7	5	2
10650	0.000012760359	2	2	0
653440	0.000011899169	1	1	0
56108	0.000011601710	1	1	0
646309	0.000011570747	1	1	0
201514	0.000014111120	1	1	0
27314	0.000016742346	5	1	4
10517	0.000012471601	2	2	0
131375	0.000011683148	1	1	0
84243	0.000014132142	5	5	0
14011	0.000012282005	1	1	0
851733	0.000012972012	1	1	0
56666	0.000012403525	1	1	0
93688	0.000016476868	2	2	0
75665	0.000032428127	8	5	3
402569	0.000013135106	1	1	0
854658	0.000012972012	1	1	0
13865	0.000011549804	1	0	1
23357	0.000015810649	3	3	0
854168	0.000012972012	2	1	1
395069	0.000012454245	1	1	0
160897	0.000012733087	4	3	1
110078	0.000012892992	1	1	0
10244	0.000024654955	9	5	4
7122	0.000015862138	4	1	3
14784	0.000011549804	2	0	2
84591	0.000020224781	4	4	0
850911	0.000012972012	1	1	0
835701	0.000012265472	1	1	0
3682	0.000016203767	4	1	3
10631	0.000012107319	1	1	0
850455	0.000011549804	3	0	3
292156	0.000011601525	1	1	0
10599	0.000011549804	1	0	1
65166	0.000011601525	1	1	0
84125	0.000015152409	1	1	0
853104	0.000011549804	1	0	1
398174	0.000012037427	1	1	0
90693	0.000012475663	2	1	1
226646	0.000012963316	1	1	0
25984	0.000012504259	1	1	0
119358	0.000017139957	4	4	0
851666	0.000015683726	2	1	1
30839	0.000023355537	3	3	0
2619	0.000012086101	5	2	3
1421	0.000019319221	3	3	0
51704	0.000017941965	5	5	0
84103	0.000034263580	11	4	7
56413	0.000011549804	1	0	1
72972	0.000011549804	9	0	9
728194	0.000011549804	3	0	3
129852	0.000013842065	3	3	0
856674	0.000011549804	2	0	2
108645	0.000012892992	1	1	0
68275	0.000013535398	1	1	0
855911	0.000011549804	1	0	1
65274	0.000019467032	1	1	0
84888	0.000016043682	3	3	0
77827	0.000013394227	2	2	0
23017	0.000015133068	4	2	2
284402	0.000017748010	1	1	0
29802	0.000011549804	2	0	2
548594	0.000011847520	1	1	0
102288414	0.000012031326	1	1	0
27104	0.000011549804	1	0	1
9220	0.000016215884	5	5	0
14799	0.000015108560	1	1	0
12331	0.000014279793	1	1	0
17192	0.000011549804	2	0	2
74187	0.000016782192	2	2	0
85413	0.000012618103	1	1	0
4586	0.000025984823	3	3	0
122945	0.000011549804	1	0	1
281832	0.000016446511	2	2	0
150468	0.000013441565	4	4	0
79626	0.000015377227	5	2	3
94097	0.000015618825	5	5	0
117194	0.000011549804	1	0	1
342931	0.000013744253	2	2	0
126823	0.000017109165	2	2	0
56258	0.000012327795	1	1	0
201799	0.000013202817	1	1	0
854072	0.000012972012	1	1	0
67864	0.000011549804	1	0	1
854781	0.000014712444	1	1	0
252859	0.000011549804	2	0	2
11005	0.000012193473	2	1	1
135946	0.000012241108	2	2	0
26891	0.000012337831	1	1	0
8647	0.000012127264	6	1	5
308578	0.000013617112	3	1	2
6701	0.000014269918	3	3	0
853033	0.000012972012	1	1	0
108124	0.000012892992	1	1	0
60590	0.000011549804	4	0	4
10692	0.000011549804	2	0	2
10983	0.000014286427	10	6	4
852495	0.000027173383	2	2	0
414325	0.000018670531	2	2	0
80774	0.000012566106	1	1	0
2259	0.000011549804	1	0	1
57623	0.000026894368	2	2	0
26074	0.000011601710	1	1	0
29870	0.000012538857	1	1	0
72399	0.000011937468	1	1	0
56805	0.000014505038	1	1	0
9633	0.000012276484	1	1	0
55779	0.000011644708	1	1	0
11174	0.000012985688	2	2	0
114805	0.000021172779	3	3	0
84868	0.000015148600	5	2	3
26827	0.000022443620	7	5	2
7060	0.000083530563	2	2	0
432508	0.000012249679	1	1	0
55867	0.000014147233	4	3	1
24050	0.000013096843	2	2	0
27063	0.000021846448	10	5	5
389898	0.000012651891	3	3	0
666	0.000014224303	4	2	2
55344	0.000011589791	2	1	1
83382	0.000020959826	2	2	0
8530	0.000018945873	4	3	1
29214	0.000013206569	3	2	1
24147	0.000033963443	2	1	1
29091	0.000011549804	3	0	3
5950	0.000018107575	7	5	2
852415	0.000012972012	1	1	0
24246	0.000011549804	1	0	1
83882	0.000016462131	2	1	1
4588	0.000011549804	1	0	1
283212	0.000021464965	7	6	1
255762	0.000011549804	1	0	1
677781	0.000011994584	1	1	0
165679	0.000030837419	3	2	1
3226	0.000012709423	8	3	5
56649	0.000013979737	5	1	4
252995	0.000011549804	1	0	1
51326	0.000011963813	1	1	0
64285	0.000013575467	4	3	1
3136	0.000014144559	4	4	0
3785	0.000015416531	8	3	5
4340	0.000014340375	3	2	1
5453	0.000014097163	3	1	2
3767	0.000040656305	11	5	6
4489	0.000014937799	5	3	2
79974	0.000083271958	1	1	0
57153	0.000011818248	1	1	0
100130086	0.000023011731	3	1	2
75406	0.000012963316	1	1	0
252941	0.000011601525	1	1	0
400591	0.000011549804	4	0	4
8321	0.000041407941	13	8	5
400961	0.000022602032	4	3	1
362859	0.000011601525	1	1	0
146779	0.000034055680	8	6	2
402483	0.000011706802	2	2	0
23229	0.000020364782	5	3	2
30061	0.000013041989	4	1	3
153918	0.000012024780	1	1	0
117153	0.000012977716	1	1	0
503543	0.000012479386	1	1	0
152573	0.000013113312	2	2	0
9315	0.000019450184	8	5	3
163223	0.000012981002	1	1	0
8519	0.000019916309	5	5	0
100128731	0.000011549804	3	0	3
85014	0.000014733461	3	3	0
10721	0.000020770302	3	3	0
81562	0.000018756675	6	6	0
854556	0.000012972012	1	1	0
93492	0.000014702436	3	3	0
15384	0.000012249679	1	1	0
19069	0.000011549804	5	0	5
854980	0.000012972012	1	1	0
131965	0.000011549804	8	0	8
57102	0.000013741978	3	3	0
2863	0.000012545501	1	1	0
642585	0.000011795132	1	1	0
25054	0.000011549804	2	0	2
9514	0.000013727403	8	2	6
852565	0.000012972012	1	1	0
11026	0.000012198343	7	2	5
854231	0.000012972012	1	1	0
114142	0.000011549804	1	0	1
646480	0.000013908315	1	1	0
852848	0.000011549804	1	0	1
18481	0.000015306062	2	1	1
68365	0.000032977704	3	3	0
280636	0.000011653274	1	1	0
9980	0.000012180464	2	2	0
174150	0.000011549804	1	0	1
202299	0.000013635097	3	1	2
75141	0.000025789567	8	8	0
84639	0.000016542682	2	2	0
18131	0.000011549804	1	0	1
30523	0.000022638572	4	2	2
853203	0.000012972012	1	1	0
79627	0.000012315844	1	1	0
856800	0.000012972012	1	1	0
24957	0.000013799666	1	1	0
450143	0.000013706446	1	1	0
9831	0.000012430222	4	4	0
29757	0.000011601525	1	1	0
256302	0.000034227687	8	7	1
54937	0.000014658315	1	1	0
153222	0.000028330837	7	7	0
330908	0.000012963316	1	1	0
2914	0.000021279913	4	3	1
735	0.000049590047	5	5	0
25719	0.000011601525	1	1	0
55345	0.000014929581	4	3	1
2517	0.000017860610	11	7	4
126231	0.000011589791	1	1	0
142680	0.000012706400	2	1	1
55020	0.000048277679	10	9	1
70099	0.000011549804	7	0	7
13383	0.000013055138	1	1	0
55760	0.000011952804	3	2	1
6324	0.000012531707	4	1	3
57194	0.000011789142	1	1	0
57317	0.000014104955	2	2	0
203062	0.000024462838	6	4	2
823804	0.000011549804	1	0	1
65977	0.000025587791	3	3	0
100500804	0.000014108691	2	2	0
6036	0.000014690455	3	2	1
114899	0.000013254730	2	1	1
10778	0.000011917490	1	1	0
852730	0.000012972012	1	1	0
40336	0.000011549804	1	0	1
439996	0.000015399030	2	2	0
280655	0.000011795132	1	1	0
77040	0.000016476868	2	2	0
255239	0.000014700012	2	2	0
7552	0.000015312260	2	2	0
3712	0.000029595840	12	6	6
22631	0.000014306504	2	2	0
641518	0.000012186960	1	1	0
81653	0.000011601525	1	1	0
856188	0.000012972012	1	1	0
117247	0.000011549804	1	0	1
780853	0.000011972613	1	1	0
3077471	0.000011549804	2	0	2
24766	0.000011549804	1	0	1
8435	0.000012815844	2	2	0
29960	0.000014199119	3	3	0
23596	0.000011549804	4	0	4
192286	0.000012480055	2	1	1
852432	0.000011549804	1	0	1
22834	0.000011549804	4	0	4
25595	0.000014106594	1	1	0
850348	0.000012972012	1	1	0
167410	0.000013597295	2	2	0
57810	0.000018640360	1	1	0
92806	0.000019369117	2	2	0
851259	0.000014385524	3	2	1
83857	0.000011771923	1	1	0
10861	0.000011549804	1	0	1
26504	0.000017331532	4	4	0
913	0.000018276148	2	2	0
13205	0.000012249679	1	1	0
8128	0.000017153451	2	2	0
85329	0.000011549804	3	0	3
837308	0.000012265472	1	1	0
852793	0.000015683726	1	1	0
13026	0.000011549804	1	0	1
11629	0.000011549804	2	0	2
856313	0.000012972012	1	1	0
2921	0.000011549804	2	0	2
137835	0.000017282505	3	1	2
128439	0.000037789354	6	5	1
177942	0.000017825517	1	1	0
389874	0.000032578351	6	6	0
813740	0.000011549804	1	0	1
508448	0.000013380587	1	1	0
728175	0.000129793890	3	3	0
16392	0.000013065646	1	1	0
56944	0.000017439986	6	4	2
90835	0.000011994584	1	1	0
389384	0.000016595243	4	4	0
353219	0.000022236891	1	1	0
20848	0.000017486288	2	2	0
285643	0.000012238108	2	2	0
97212	0.000012249679	1	1	0
55769	0.000014790641	3	3	0
653567	0.000012224000	1	1	0
643832	0.000022353822	2	2	0
12608	0.000012696663	1	1	0
239528	0.000012249679	2	1	1
57700	0.000012294625	3	3	0
84856	0.000013054934	1	1	0
84570	0.000089123770	3	3	0
728599	0.000011795132	1	1	0
342346	0.000011823618	1	1	0
51302	0.000011549804	4	0	4
6375	0.000016597654	3	2	1
100363860	0.000011601525	1	1	0
50868	0.000014531135	3	1	2
856824	0.000012972012	1	1	0
373856	0.000013997675	1	1	0
13367	0.000014429341	2	2	0
100356266	0.000014736788	1	1	0
11845	0.000018152015	2	1	1
20937	0.000014163864	1	1	0
54970	0.000022458068	4	3	1
71885	0.000011549804	8	0	8
83893	0.000011601710	1	1	0
54896	0.000012003033	3	2	1
100131713	0.000015415205	3	3	0
2679	0.000011549804	2	0	2
10903	0.000011845630	1	1	0
27015	0.000013431285	1	1	0
25770	0.000011549804	2	0	2
18674	0.000012963316	1	1	0
23366	0.000011589791	1	1	0
84449	0.000011771923	4	1	3
855543	0.000012972012	1	1	0
1120	0.000011907096	4	1	3
15502	0.000014197998	2	2	0
20411	0.000015168419	2	2	0
401647	0.000021130374	5	2	3
79955	0.000011549804	1	0	1
152926	0.000026935071	11	8	3
340571	0.000013369223	1	1	0
851337	0.000011549804	1	0	1
652276	0.000063370962	2	2	0
51442	0.000013302502	6	2	4
254268	0.000015186466	2	1	1
31521	0.000012513858	3	3	0
390212	0.000014812105	2	2	0
387733	0.000038605387	1	1	0
55028	0.000013928106	3	3	0
79591	0.000014111071	4	4	0
21780	0.000015315718	2	2	0
22346	0.000014682331	1	1	0
54522	0.000012558123	2	2	0
854306	0.000012972012	1	1	0
25832	0.000014112438	3	2	1
100341057	0.000011549804	6	0	6
51402	0.000011951197	3	1	2
158135	0.000012117946	3	3	0
842338	0.000011549804	1	0	1
390937	0.000011725778	1	1	0
283537	0.000011549804	1	0	1
100505741	0.000022720804	3	2	1
11322	0.000011771923	2	1	1
55764	0.000016961309	12	6	6
151354	0.000018098779	3	3	0
5412	0.000011589791	3	1	2
374111	0.000015583010	1	1	0
553117	0.000011690030	1	1	0
9907	0.000045491124	6	6	0
3902	0.000018742811	2	1	1
13143	0.000013883560	1	1	0
85865	0.000016645758	10	9	1
55200	0.000018765376	2	2	0
285242	0.000011549804	6	0	6
388015	0.000011613812	1	1	0
10050	0.000011752301	1	1	0
50839	0.000011549804	2	0	2
851168	0.000012972012	1	1	0
63946	0.000013503939	2	1	1
338707	0.000013374426	1	1	0
474382	0.000025194252	7	4	3
25673	0.000011601525	1	1	0
54577	0.000012352816	2	1	1
824554	0.000012265472	1	1	0
162966	0.000012889386	1	1	0
1724717	0.000011549804	2	0	2
83698	0.000017287702	6	4	2
24476	0.000011601525	1	1	0
117289	0.000012680892	1	1	0
66447	0.000012963316	1	1	0
104836	0.000017955313	1	1	0
60595	0.000013926853	3	3	0
11247	0.000012395941	2	2	0
594839	0.000011994584	1	1	0
25682	0.000011601525	1	1	0
831856	0.000012265472	1	1	0
80122	0.000011771923	1	1	0
680161	0.000011601525	1	1	0
23116	0.000013205180	3	3	0
6695	0.000021390878	8	6	2
147407	0.000011653221	1	1	0
255809	0.000013880102	2	1	1
24681	0.000011549804	3	0	3
42428	0.000016931216	1	1	0
2849	0.000015317059	1	1	0
132332	0.000011549804	2	0	2
852639	0.000012972012	1	1	0
12649	0.000013876428	9	2	7
29816	0.000012538857	1	1	0
289950	0.000011601525	1	1	0
851068	0.000012972012	1	1	0
128822	0.000011549804	4	0	4
376693	0.000011795132	1	1	0
17708	0.000012963316	1	1	0
66152	0.000012963316	1	1	0
80094	0.000011549804	1	0	1
20714	0.000013988972	1	1	0
79148	0.000015373806	4	1	3
856744	0.000012972012	1	1	0
734901	0.000011549804	2	0	2
100529239	0.000013923215	1	1	0
115294	0.000015675434	5	5	0
146723	0.000014401323	4	4	0
856895	0.000011549804	1	0	1
1440	0.000012319620	3	1	2
511736	0.000017020485	2	2	0
80761	0.000013845001	3	1	2
51660	0.000015734405	4	3	1
26226	0.000011549804	1	0	1
70314	0.000011549804	3	0	3
55891	0.000011549804	1	0	1
855355	0.000012972012	1	1	0
83596	0.000017035455	8	3	5
171567	0.000011549804	6	0	6
285349	0.000014228667	2	2	0
14824	0.000012716842	1	1	0
200942	0.000011601710	1	1	0
67092	0.000011549804	1	0	1
2628	0.000034410002	3	3	0
711	0.000011549804	1	0	1
5322	0.000015954025	2	2	0
24415	0.000011549804	1	0	1
84795	0.000026673356	3	3	0
64462	0.000011549804	2	0	2
855883	0.000012972012	1	1	0
16497	0.000012963316	1	1	0
6656	0.000011549804	2	0	2
14479	0.000017934401	1	1	0
81691	0.000012024062	2	2	0
123688	0.000019297255	4	4	0
590	0.000012119024	3	2	1
8292	0.000042227094	4	3	1
245877	0.000012963316	1	1	0
8369	0.000013204678	6	3	3
126074	0.000025292075	9	4	5
30014	0.000013611361	1	1	0
285268	0.000011549804	5	0	5
135927	0.000013379096	1	1	0
139728	0.000011549804	4	0	4
389119	0.000015222272	3	2	1
113990	0.000011601525	1	1	0
6291	0.000015851630	3	2	1
388536	0.000012894922	4	4	0
79567	0.000013308011	4	2	2
727936	0.000012190348	2	2	0
853861	0.000011931832	1	1	0
3617	0.000012110248	1	1	0
399670	0.000017485399	1	1	0
690632	0.000011601525	1	1	0
55552	0.000013275389	1	1	0
65040	0.000011549804	2	0	2
112479	0.000011549804	2	0	2
285368	0.000011576430	1	1	0
222662	0.000099779332	8	7	1
5972	0.000026932451	9	7	2
3593	0.000026482068	4	2	2
11474	0.000012516415	1	1	0
23626	0.000012543085	1	1	0
63977	0.000014001951	4	4	0
256957	0.000014826355	2	1	1
29382	0.000014158928	1	1	0
3449	0.000011549804	1	0	1
4295	0.000015769208	1	1	0
30948	0.000016705673	2	2	0
53905	0.000016331610	3	1	2
9450	0.000020101590	4	1	3
855305	0.000012504689	1	1	0
9284	0.000012416798	1	1	0
10741	0.000027719134	6	5	1
55084	0.000016871059	3	2	1
90853	0.000012284944	2	2	0
12934	0.000013325622	3	3	0
25531	0.000011601525	1	1	0
153364	0.000013202852	4	4	0
836161	0.000012265472	1	1	0
79903	0.000012033716	1	1	0
3783727	0.000014856061	3	1	2
172890	0.000017825517	1	1	0
199704	0.000012609906	1	1	0
8605	0.000011549804	2	0	2
79363	0.000015929149	7	1	6
51279	0.000013342969	3	3	0
3037	0.000018262662	5	1	4
3038	0.000022148308	2	2	0
17710	0.000011887097	1	1	0
285440	0.000012618103	3	1	2
89876	0.000014291455	4	2	2
856626	0.000012972012	1	1	0
51117	0.000011549804	2	0	2
27090	0.000018617532	4	4	0
67615	0.000014881817	1	1	0
4663	0.000011549804	3	0	3
851960	0.000011549804	1	0	1
81807	0.000014483718	3	3	0
11022	0.000016760913	3	2	1
850577	0.000013345084	1	1	0
11147	0.000017104206	3	3	0
856226	0.000012972012	1	1	0
852303	0.000012972012	1	1	0
843368	0.000012265472	1	1	0
851245	0.000012972012	1	1	0
1393	0.000011549804	11	0	11
83861	0.000025335060	9	7	2
6981	0.000017083221	1	1	0
495317	0.000011549804	1	0	1
10675	0.000012046114	2	1	1
2864	0.000020929556	2	2	0
56524	0.000013055138	6	1	5
2576	0.000011549804	1	0	1
8811	0.000056560767	2	2	0
474	0.000013605602	1	1	0
114787	0.000016478119	6	6	0
79623	0.000011549804	4	0	4
63970	0.000011549804	2	0	2
57105	0.000022608493	4	2	2
255057	0.000011798926	2	2	0
2835	0.000011717050	2	1	1
257144	0.000019779600	7	3	4
112817	0.000011549804	2	0	2
96597	0.000014145815	2	2	0
114902	0.000011549804	2	0	2
100289290	0.000012706400	1	1	0
24533	0.000013799666	1	1	0
2395	0.000017749120	4	1	3
6725	0.000014503024	3	2	1
55788	0.000012091540	1	1	0
55129	0.000011658769	2	2	0
229658	0.000011549804	8	0	8
11163	0.000013643831	1	1	0
176548	0.000011549804	1	0	1
220992	0.000012479386	2	1	1
51714	0.000048409519	7	7	0
50876	0.000012963316	1	1	0
851095	0.000012972012	2	1	1
21341	0.000011549804	3	0	3
645345	0.000013295398	2	2	0
375612	0.000012742977	1	1	0
79221	0.000011549804	1	0	1
853891	0.000013483893	1	1	0
441234	0.000012972012	1	1	0
65023	0.000012273861	1	1	0
28908	0.000013693848	2	2	0
116150	0.000014033531	6	5	1
852740	0.000012972012	1	1	0
8993	0.000019257228	4	2	2
283629	0.000012502082	3	1	2
838383	0.000011549804	1	0	1
134701	0.000031033942	6	4	2
22876	0.000013868039	1	1	0
260436	0.000023185649	3	3	0
287454	0.000011549804	1	0	1
399311	0.000013551484	1	1	0
160857	0.000012192862	1	1	0
843609	0.000011549804	1	0	1
852323	0.000012972012	1	1	0
83879	0.000011726144	6	1	5
150737	0.000014296446	2	2	0
89872	0.000023060369	2	1	1
6007	0.000018017555	1	1	0
217069	0.000013974332	1	1	0
114836	0.000011549804	4	0	4
161142	0.000012031326	1	1	0
251	0.000013349204	3	3	0
22160	0.000018340002	3	2	1
6815	0.000014906441	2	2	0
8239562	0.000011549804	1	0	1
83722	0.000028953494	4	3	1
137362	0.000011747528	1	1	0
100526832	0.000015005078	1	1	0
122651	0.000011976901	3	1	2
12355	0.000013508641	3	2	1
84614	0.000013420021	3	3	0
850561	0.000012972012	1	1	0
152404	0.000018114419	1	1	0
22143	0.000011549804	1	0	1
12428	0.000011549804	1	0	1
11624	0.000011549804	4	0	4
257629	0.000016386285	3	1	2
283464	0.000011549804	4	0	4
118611	0.000012972012	2	1	1
170718	0.000012538857	1	1	0
441869	0.000011617139	1	1	0
677768	0.000012837005	1	1	0
221938	0.000011786901	1	1	0
97112	0.000016614019	1	1	0
474338	0.000011795132	1	1	0
11149	0.000012031326	3	1	2
378643	0.000012669680	1	1	0
11105	0.000013063422	2	1	1
90332	0.000022655822	1	1	0
3429	0.000012315844	2	1	1
126669	0.000013024991	4	2	2
21389	0.000011549804	1	0	1
23316	0.000011988621	1	1	0
74326	0.000013988972	1	1	0
286102	0.000011621259	1	1	0
24818	0.000011805375	2	2	0
143503	0.000012941049	1	1	0
57116	0.000012033716	1	1	0
59079	0.000012769229	1	1	0
11994	0.000011753654	1	1	0
851311	0.000012972012	1	1	0
380450	0.000011549804	2	0	2
213582	0.000011549804	3	0	3
84929	0.000012277062	1	1	0
206338	0.000014909808	1	1	0
65165	0.000011601525	1	1	0
2918	0.000012294506	4	1	3
92565	0.000014111120	5	1	4
353355	0.000012097511	2	2	0
116590	0.000015530654	3	1	2
19338	0.000018558762	3	3	0
78995	0.000017331623	7	6	1
239405	0.000014845490	1	1	0
6614	0.000014531998	3	1	2
202374	0.000012957440	1	1	0
854736	0.000012972012	1	1	0
398197	0.000015378949	1	1	0
25758	0.000012718173	2	2	0
2540690	0.000011549804	2	0	2
16658	0.000013142891	2	1	1
133690	0.000011549804	1	0	1
850500	0.000012625278	1	1	0
852309	0.000011734072	1	1	0
855628	0.000012972012	1	1	0
107976	0.000011887097	1	1	0
35225	0.000014333235	1	1	0
13132	0.000011549804	2	0	2
7639	0.000011549804	1	0	1
6512	0.000012706400	2	1	1
284677	0.000011549804	1	0	1
100134934	0.000036993275	3	3	0
851646	0.000012972012	1	1	0
228607	0.000012970451	1	1	0
11438	0.000011549804	1	0	1
66004	0.000021441794	2	2	0
285296	0.000012972012	1	1	0
29547	0.000012715173	1	1	0
91683	0.000012294850	3	3	0
342908	0.000012033716	1	1	0
9143	0.000013490808	4	3	1
5470	0.000012892992	3	1	2
56181	0.000017936702	8	8	0
25069	0.000011549804	2	0	2
13559	0.000013950703	2	2	0
1380	0.000016874568	11	3	8
642938	0.000017119362	3	3	0
11309	0.000011549804	1	0	1
91584	0.000011914716	3	2	1
9645	0.000021700524	1	1	0
752014	0.000191249758	2	2	0
112752	0.000020114556	4	4	0
26740	0.000012024780	1	1	0
548645	0.000011822711	1	1	0
170484	0.000014321952	2	1	1
2086	0.000011617139	1	1	0
851196	0.000012972012	1	1	0
115286	0.000011713548	1	1	0
6706	0.000014580172	4	4	0
18260	0.000018383544	4	4	0
853488	0.000012947415	1	1	0
8190	0.000012608263	3	3	0
9200	0.000011549804	4	0	4
5274	0.000019006612	4	2	2
23554	0.000015199810	2	1	1
243833	0.000015302277	3	3	0
210376	0.000016925049	1	1	0
117531	0.000012049054	2	2	0
852702	0.000011549804	1	0	1
55998	0.000011635347	6	1	5
837904	0.000012265472	1	1	0
27004	0.000012970239	2	2	0
143689	0.000016099658	3	2	1
3381	0.000011549804	2	0	2
288731	0.000011601525	1	1	0
56751	0.000028999449	3	3	0
2840	0.000014653887	1	1	0
780776	0.000022757657	2	2	0
84649	0.000011549804	2	0	2
22224	0.000012249679	3	1	2
30845	0.000020512552	7	3	4
170691	0.000012337831	1	1	0
401115	0.000014211854	1	1	0
19248	0.000013088560	1	1	0
2254	0.000013993648	4	2	2
83945	0.000011753654	1	1	0
121355	0.000012031326	1	1	0
79740	0.000012593481	2	2	0
8992	0.000015323323	2	2	0
4237	0.000018888652	7	5	2
850749	0.000012972012	1	1	0
220686	0.000011549804	1	0	1
6441	0.000051195267	5	3	2
30953	0.000012890507	1	1	0
10435	0.000020410930	12	5	7
55317	0.000024337838	2	2	0
83888	0.000012682499	2	1	1
137107	0.000013045950	4	3	1
19267	0.000012892992	1	1	0
84791	0.000013537289	1	1	0
281420	0.000011549804	1	0	1
235442	0.000012892992	1	1	0
6529	0.000013476863	3	2	1
771257	0.000018756816	1	1	0
348094	0.000011653274	2	1	1
79400	0.000013142891	4	1	3
221749	0.000018297575	3	3	0
75826	0.000011549804	2	0	2
854557	0.000012972012	1	1	0
124936	0.000011847652	1	1	0
142937	0.000016589881	4	2	2
6698	0.000017655425	4	3	1
54329	0.000011839065	1	1	0
126917	0.000014859770	2	2	0
26070	0.000012618103	2	1	1
64067	0.000014164595	2	1	1
56203	0.000011549804	1	0	1
441194	0.000012033716	1	1	0
135932	0.000013372753	3	1	2
283471	0.000011549804	1	0	1
137133	0.000011766366	1	1	0
389203	0.000052020217	4	4	0
654322	0.000012080127	2	2	0
245527	0.000011549804	1	0	1
25125	0.000015240553	1	1	0
100293516	0.000011845630	2	1	1
54551	0.000015726676	6	3	3
1847	0.000011589791	3	1	2
79817	0.000017903149	8	5	3
853202	0.000012972012	1	1	0
80117	0.000012282005	2	1	1
11341	0.000011549804	1	0	1
7449	0.000012107319	1	1	0
366	0.000011677396	4	1	3
150365	0.000011937468	1	1	0
192277	0.000011601525	1	1	0
290659	0.000011601525	1	1	0
229615	0.000014438232	1	1	0
8821	0.000016311634	5	5	0
221491	0.000011549804	1	0	1
83709	0.000018977681	2	1	1
84953	0.000014440153	1	1	0
285135	0.000011549804	1	0	1
347741	0.000044741185	3	3	0
100363737	0.000011601525	1	1	0
57224	0.000014689772	5	5	0
283093	0.000011549804	1	0	1
60558	0.000013399751	1	1	0
378807	0.000011549804	3	0	3
290631	0.000011601525	1	1	0
53332	0.000012892992	1	1	0
219972	0.000012987320	2	2	0
420	0.000012277964	2	1	1
853566	0.000011549804	2	0	2
171494	0.000018205008	1	1	0
378950	0.000012412597	2	1	1
64384	0.000011549804	1	0	1
20401	0.000012538857	1	1	0
55687	0.000013456348	1	1	0
311545	0.000011601525	1	1	0
57605	0.000018282694	6	5	1
853562	0.000011549804	2	0	2
339804	0.000011549804	1	0	1
42816	0.000013097534	1	1	0
10880	0.000011549804	1	0	1
3441	0.000014446716	2	2	0
298300	0.000011601525	1	1	0
79629	0.000012731181	3	2	1
8641	0.000017990149	1	1	0
80759	0.000014732237	4	3	1
57209	0.000012105171	2	2	0
54537	0.000012482730	2	2	0
100302168	0.000011570747	1	1	0
17193	0.000011549804	1	0	1
123904	0.000017748010	1	1	0
22187	0.000016171860	4	4	0
190775	0.000011549804	1	0	1
339829	0.000011896188	2	2	0
58486	0.000012902051	1	1	0
79946	0.000011549804	1	0	1
50508	0.000011549804	1	0	1
309159	0.000011549804	1	0	1
128209	0.000020828823	1	1	0
1395	0.000018011948	5	2	3
64648	0.000014356064	2	2	0
389692	0.000011999925	7	1	6
126637	0.000014264644	1	1	0
339855	0.000016327046	1	1	0
100271715	0.000013562777	2	2	0
23921	0.000014126179	1	1	0
854812	0.000012972012	1	1	0
20482	0.000016779130	3	2	1
339122	0.000012158461	2	1	1
3626	0.000025856530	6	2	4
100529211	0.000011549804	1	0	1
14836	0.000012769229	1	1	0
341567	0.000012033716	1	1	0
729475	0.000015368743	1	1	0
837309	0.000012265472	1	1	0
16475	0.000014881817	1	1	0
320678	0.000011549804	7	0	7
7478	0.000017026044	1	1	0
25849	0.000011549804	1	0	1
15490	0.000011549804	1	0	1
23784	0.000011549804	1	0	1
284276	0.000013381439	2	2	0
66540	0.000011549804	5	0	5
23769	0.000016462131	1	1	0
56664	0.000016741286	1	1	0
399087	0.000011902757	1	1	0
83446	0.000012575775	4	2	2
286046	0.000011589791	1	1	0
56486	0.000012397261	1	1	0
81544	0.000016870880	6	5	1
51004	0.000016356653	6	3	3
27035	0.000013486402	3	2	1
854322	0.000012972012	1	1	0
11972	0.000012963316	1	1	0
283788	0.000012346047	1	1	0
282320	0.000011549804	1	0	1
850905	0.000012972012	1	1	0
194590	0.000021471650	3	2	1
67607	0.000013988972	1	1	0
855114	0.000012972012	1	1	0
388121	0.000014985376	2	2	0
26781	0.000012837081	3	3	0
37238	0.000011778583	1	1	0
390226	0.000011549804	1	0	1
851892	0.000012972012	1	1	0
128653	0.000011771923	4	1	3
11764	0.000015484732	4	4	0
225887	0.000012963316	1	1	0
54494	0.000011549804	3	0	3
84010	0.000014045997	2	2	0
162993	0.000012130191	2	1	1
14235	0.000012765835	1	1	0
2539610	0.000011549804	2	0	2
1724713	0.000014092952	2	1	1
311670	0.000014577642	1	1	0
856825	0.000012972012	1	1	0
136227	0.000019761175	3	2	1
122416	0.000015929149	1	1	0
84971	0.000017541097	4	2	2
2825	0.000013324671	1	1	0
399694	0.000011907557	1	1	0
353091	0.000014154823	2	1	1
56126	0.000011963040	1	1	0
20807	0.000012203367	1	1	0
15507	0.000016249715	4	2	2
441549	0.000011549804	3	0	3
361084	0.000011601525	1	1	0
80743	0.000015944428	2	1	1
20220	0.000011549804	2	0	2
9087	0.000024070533	6	6	0
5463	0.000012721993	1	1	0
851539	0.000012972012	1	1	0
26423	0.000011549804	2	0	2
850612	0.000012972012	1	1	0
170731	0.000011549804	1	0	1
81571	0.000011589791	1	1	0
79339	0.000011951696	1	1	0
84961	0.000019216500	2	2	0
56890	0.000018620790	7	6	1
26430	0.000011549804	2	0	2
1015	0.000011549804	2	0	2
345757	0.000014166700	3	3	0
3111	0.000013568090	3	1	2
171849	0.000013734802	1	1	0
79692	0.000011549804	1	0	1
854205	0.000012972012	1	1	0
4108	0.000015620751	2	1	1
415	0.000013026208	4	1	3
854301	0.000017281254	2	2	0
4838	0.000011978349	2	1	1
839620	0.000011549804	1	0	1
78996	0.000021432891	3	1	2
4327	0.000016282601	1	1	0
516175	0.000020684188	2	2	0
100287898	0.000011690030	2	1	1
318918	0.000011549804	1	0	1
851383	0.000012972012	1	1	0
57711	0.000011714782	2	2	0
18016	0.000011549804	2	0	2
10633	0.000011549804	6	0	6
217980	0.000012249679	1	1	0
83725	0.000011753654	1	1	0
7349	0.000025514414	6	5	1
58959	0.000034732105	2	2	0
79725	0.000015509350	4	4	0
67738	0.000013372753	1	1	0
4880	0.000017981656	5	5	0
171159	0.000018526664	1	1	0
23682	0.000012772816	8	1	7
60686	0.000011818920	4	2	2
30832	0.000012978675	3	2	1
441315	0.000013465064	1	1	0
55650	0.000011683148	1	1	0
199786	0.000012276704	2	2	0
20907	0.000012963316	1	1	0
24116	0.000011549804	5	0	5
837249	0.000011549804	1	0	1
27296	0.000011549804	1	0	1
7180	0.000011917490	1	1	0
80981	0.000015469623	3	3	0
3497	0.000024579920	3	3	0
284257	0.000025807645	6	6	0
9751	0.000013322817	2	1	1
2703372	0.000011611955	1	1	0
340481	0.000032859898	3	3	0
147664	0.000011845630	1	1	0
100128554	0.000013122353	1	1	0
25802	0.000011549804	1	0	1
829770	0.000012265472	1	1	0
60675	0.000011549804	1	0	1
9496	0.000013107982	2	2	0
84249	0.000012722662	2	2	0
56147	0.000011902757	1	1	0
345630	0.000012624509	3	3	0
10666	0.000011549804	5	0	5
54798	0.000011908828	1	1	0
75788	0.000013065646	2	1	1
814994	0.000012265472	1	1	0
81492	0.000012688104	2	1	1
407821	0.000014845490	2	1	1
56675	0.000024709667	4	3	1
23536	0.000011746790	3	3	0
151112	0.000012151780	2	2	0
4961441	0.000011549804	2	0	2
374650	0.000016809673	4	3	1
29753	0.000012018812	1	1	0
856087	0.000012514307	2	1	1
19672	0.000011753654	1	1	0
353120	0.000011549804	1	0	1
4821	0.000015703086	4	3	1
208643	0.000012249679	1	1	0
71472	0.000011549804	2	0	2
203069	0.000013324183	4	3	1
100529262	0.000011549804	1	0	1
71978	0.000011549804	2	0	2
18209	0.000018640360	1	1	0
81859	0.000013562402	2	1	1
149095	0.000013398533	2	2	0
8685	0.000011549804	3	0	3
151056	0.000016285670	4	4	0
853906	0.000012972012	1	1	0
396905	0.000013903435	2	1	1
9860	0.000012208013	2	2	0
20182	0.000015397972	2	2	0
147138	0.000011549804	2	0	2
100188893	0.000020243782	3	3	0
2843	0.000011549804	3	0	3
27428	0.000011753654	1	1	0
856767	0.000012972012	1	1	0
93627	0.000016842971	4	3	1
14257	0.000019934317	1	1	0
288353	0.000018441443	1	1	0
26225	0.000011589791	7	1	6
27364	0.000011549804	2	0	2
25062	0.000011601525	1	1	0
25914	0.000013187582	3	3	0
220963	0.000021551852	4	4	0
346	0.000011744063	1	1	0
107831	0.000012892992	1	1	0
851518	0.000012345167	1	1	0
693164	0.000012526423	1	1	0
10866	0.000011549804	1	0	1
375775	0.000011549804	1	0	1
83416	0.000013732955	3	1	2
27290	0.000011549804	1	0	1
6508	0.000013855245	4	1	3
10720	0.000013824069	2	2	0
29095	0.000011999206	4	3	1
4761	0.000012637610	2	2	0
30843	0.000013883560	1	1	0
58164	0.000011549804	1	0	1
681754	0.000011601525	1	1	0
67273	0.000012963316	1	1	0
854291	0.000011549804	1	0	1
389435	0.000017028286	6	6	0
8809	0.000015522822	4	1	3
140686	0.000011601710	2	1	1
13654	0.000012288361	1	1	0
728276	0.000012957511	1	1	0
59044	0.000013883560	1	1	0
23797	0.000013787934	1	1	0
100359562	0.000011601525	1	1	0
100170841	0.000012696439	4	4	0
118932	0.000014829914	1	1	0
133396	0.000011549804	2	0	2
55014	0.000013606663	3	1	2
855951	0.000012827561	1	1	0
855350	0.000012972012	2	1	1
854474	0.000012972012	1	1	0
398213	0.000011549804	1	0	1
303812	0.000011601525	1	1	0
195827	0.000012676171	2	2	0
56428	0.000012963316	1	1	0
60668	0.000013026208	3	1	2
852818	0.000012972012	1	1	0
23729	0.000334583268	5	5	0
114560	0.000012948413	1	1	0
23117	0.000012735477	2	2	0
100125556	0.000011549804	1	0	1
18020	0.000011549804	1	0	1
440434	0.000024343388	4	4	0
100288527	0.000012636183	1	1	0
388325	0.000013102015	2	2	0
284573	0.000045901059	3	3	0
341405	0.000021081724	3	3	0
81577	0.000011907867	1	1	0
283461	0.000021067514	3	3	0
116085	0.000015777659	2	2	0
16002	0.000015125220	1	1	0
57119	0.000011549804	2	0	2
853781	0.000012972012	1	1	0
3802	0.000011549804	1	0	1
21648	0.000012609419	2	2	0
5652	0.000016243793	2	1	1
11044	0.000016233736	3	2	1
317662	0.000011549804	1	0	1
172	0.000011549804	3	0	3
60460	0.000011753654	1	1	0
1745	0.000013309363	2	2	0
17984	0.000011549804	1	0	1
5948	0.000014032033	3	2	1
9227	0.000031229911	5	3	2
828	0.000012630421	1	1	0
22051	0.000012716842	1	1	0
14155	0.000011549804	1	0	1
84187	0.000012356916	5	5	0
643535	0.000011907557	1	1	0
850562	0.000011549804	1	0	1
855845	0.000012972012	1	1	0
851193	0.000012972012	1	1	0
835395	0.000011549804	1	0	1
54360	0.000011549804	1	0	1
7475	0.000014088112	1	1	0
100129654	0.000014528680	2	2	0
55983	0.000013988972	1	1	0
6474	0.000013522932	5	4	1
486	0.000015017985	2	1	1
821508	0.000012265472	1	1	0
60466	0.000021248836	1	1	0
122589	0.000011795132	1	1	0
835809	0.000011549804	1	0	1
853848	0.000011549804	1	0	1
27075	0.000011774060	3	2	1
93210	0.000011917490	3	1	2
14470	0.000014830334	1	1	0
853922	0.000014624192	4	4	0
852302	0.000012972012	1	1	0
854509	0.000012972012	1	1	0
26762	0.000012066047	2	1	1
852094	0.000012972012	1	1	0
9508	0.000011549804	1	0	1
51333	0.000015354704	3	3	0
844066	0.000011549804	1	0	1
374900	0.000013167421	2	2	0
150084	0.000026941017	3	1	2
245911	0.000014351376	1	1	0
2766	0.000016235840	1	1	0
196996	0.000014726401	3	3	0
78830	0.000013952369	2	2	0
389336	0.000017886664	3	3	0
4961493	0.000016533567	4	3	1
852504	0.000012972012	1	1	0
112937	0.000011549804	4	0	4
851717	0.000011549804	2	0	2
79651	0.000012542575	3	3	0
161823	0.000012151583	3	3	0
54768	0.000013139259	3	2	1
84519	0.000012247685	1	1	0
642612	0.000015880433	2	2	0
64680	0.000012311171	4	1	3
54020	0.000011549804	1	0	1
1260	0.000011549804	2	0	2
69535	0.000011549804	6	0	6
57458	0.000012593253	1	1	0
26716	0.000011873778	1	1	0
337874	0.000011885211	1	1	0
25620	0.000011549804	1	0	1
65201	0.000011549804	1	0	1
730029	0.000011795132	1	1	0
855532	0.000012972012	1	1	0
680039	0.000011601525	1	1	0
2529	0.000011549804	3	0	3
17995	0.000012963316	1	1	0
21407	0.000013535398	1	1	0
66477	0.000012963316	1	1	0
66867	0.000012762046	1	1	0
854444	0.000012972012	1	1	0
293721	0.000011601525	1	1	0
14933	0.000012963316	1	1	0
850522	0.000012972012	1	1	0
887373	0.000011549804	4	0	4
22626	0.000013673577	1	1	0
140680	0.000011549804	2	0	2
55751	0.000014887358	2	2	0
11964	0.000013167167	2	2	0
13555	0.000011549804	1	0	1
79934	0.000013280984	4	4	0
838659	0.000012265472	1	1	0
64321	0.000014015637	5	1	4
117062	0.000011601525	1	1	0
316273	0.000011601525	1	1	0
728239	0.000021183034	2	1	1
286042	0.000015774089	2	2	0
50873	0.000013992064	2	2	0
10878	0.000011549804	2	0	2
74753	0.000013446194	1	1	0
58530	0.000012033716	1	1	0
68564	0.000012249679	1	1	0
283417	0.000011549804	1	0	1
348801	0.000028768791	2	2	0
441525	0.000012606190	1	1	0
55972	0.000011756927	1	1	0
7547	0.000022118107	5	4	1
23023	0.000083494077	2	2	0
7543	0.000013865234	2	2	0
22996	0.000013033341	2	2	0
6041	0.000016623931	5	3	2
400322	0.000012826276	2	2	0
851015	0.000017979049	2	2	0
110446	0.000013070123	1	1	0
22849	0.000011635347	1	1	0
58160	0.000017742958	7	2	5
27139	0.000013258290	3	3	0
67443	0.000014502316	1	1	0
79295	0.000014117073	1	1	0
55741	0.000029587918	11	11	0
72935	0.000011549804	2	0	2
856870	0.000022412171	3	2	1
16728	0.000015706114	1	1	0
850543	0.000012972012	1	1	0
10148	0.000013362785	7	2	5
50861	0.000021773532	8	6	2
163589	0.000011752301	1	1	0
114637	0.000011601525	1	1	0
100287466	0.000011549804	1	0	1
81931	0.000012065357	1	1	0
66916	0.000012963316	1	1	0
79925	0.000016739723	2	2	0
80758	0.000011549804	1	0	1
855429	0.000012972012	1	1	0
93659	0.000013674907	2	2	0
10384	0.000022632851	3	2	1
26549	0.000011549804	2	0	2
404663	0.000011549804	1	0	1
2352	0.000012958826	2	1	1
12558	0.000018640360	1	1	0
414060	0.000013290316	2	1	1
11251	0.000011549804	3	0	3
219285	0.000011789142	1	1	0
268980	0.000012892992	1	1	0
22780	0.000012951721	1	1	0
20393	0.000011549804	3	0	3
66498	0.000011549804	6	0	6
832564	0.000011549804	1	0	1
340654	0.000011549804	1	0	1
850323	0.000011549804	1	0	1
855565	0.000012620234	1	1	0
852637	0.000012972012	1	1	0
338376	0.000023622054	1	1	0
57084	0.000011674794	1	1	0
2542123	0.000020354578	1	1	0
854489	0.000012972012	1	1	0
54065	0.000019311154	4	3	1
12575	0.000011549804	2	0	2
65096	0.000014053053	1	1	0
7539	0.000012403525	1	1	0
116833	0.000017807553	2	2	0
29958	0.000017007677	2	2	0
841785	0.000012265472	1	1	0
25387	0.000019209119	2	2	0
853760	0.000013067929	1	1	0
56674	0.000011589791	2	1	1
6013	0.000014855693	3	1	2
14569	0.000011549804	4	0	4
12632	0.000011753654	1	1	0
26735	0.000011976901	1	1	0
100337511	0.000013067929	1	1	0
100292719	0.000011549804	1	0	1
162967	0.000011549804	2	0	2
20947	0.000012762046	1	1	0
22333	0.000012963316	1	1	0
51715	0.000017102711	4	4	0
54879	0.000011733464	1	1	0
854266	0.000012972012	1	1	0
164781	0.000012731181	2	2	0
287828	0.000011601525	1	1	0
10417	0.000011978349	1	1	0
90113	0.000019668403	2	2	0
759	0.000012889386	3	1	2
92960	0.000011917490	4	1	3
90011	0.000015313939	3	2	1
27294	0.000011549804	2	0	2
20467	0.000017208216	4	3	1
24852	0.000011601525	1	1	0
396416	0.000013886400	1	1	0
133558	0.000013272181	1	1	0
113235	0.000011653221	1	1	0
850367	0.000012972012	1	1	0
416104	0.000013104926	1	1	0
440348	0.000012024780	1	1	0
56817	0.000012273861	1	1	0
57688	0.000012571595	2	2	0
10317	0.000011549804	2	0	2
55894	0.000019145852	4	3	1
120071	0.000012996726	5	4	1
56200	0.000011549804	3	0	3
653877	0.000011549804	1	0	1
64747	0.000016157848	2	2	0
23917	0.000012538857	1	1	0
816225	0.000011549804	1	0	1
80816	0.000011789142	2	1	1
93273	0.000012033716	1	1	0
26579	0.000015927356	3	2	1
4504	0.000013605743	2	2	0
69736	0.000013883560	1	1	0
253639	0.000016938563	2	2	0
23205	0.000012545501	2	1	1
20850	0.000015424077	2	1	1
123263	0.000011589791	2	1	1
14693	0.000015634366	3	3	0
113894	0.000012972012	2	1	1
5670	0.000013631893	4	2	2
83447	0.000014162848	5	3	2
851858	0.000011549804	1	0	1
12703	0.000013173640	5	2	3
375719	0.000012033716	1	1	0
827496	0.000011549804	1	0	1
80905	0.000013799666	1	1	0
26374	0.000011549804	1	0	1
853288	0.000012972012	1	1	0
851369	0.000012972012	1	1	0
20017	0.000013270636	1	1	0
117274	0.000013130436	2	2	0
53630	0.000014406065	1	1	0
80316	0.000013089243	2	2	0
23514	0.000011627777	1	1	0
1490001	0.000013021493	4	1	3
24205	0.000015320089	1	1	0
54484	0.000012249679	1	1	0
57338	0.000039375789	5	4	1
5225	0.000011799536	4	1	3
80032	0.000036591653	3	3	0
24400	0.000013114459	2	2	0
80740	0.000011771923	1	1	0
68097	0.000012963316	1	1	0
299625	0.000011601525	1	1	0
114785	0.000024886505	7	7	0
850843	0.000012972012	1	1	0
280756	0.000016753913	1	1	0
30052	0.000012892992	1	1	0
57575	0.000016976846	3	3	0
401024	0.000015497455	1	1	0
414061	0.000011928477	2	2	0
856766	0.000012972012	1	1	0
64478	0.000022375553	3	3	0
1618	0.000016477825	5	3	2
79663	0.000013783897	6	4	2
51372	0.000011627267	3	1	2
55000	0.000023179621	4	4	0
851771	0.000012972012	1	1	0
11796	0.000012836648	1	1	0
192254	0.000011549804	8	0	8
853463	0.000019038953	2	2	0
362598	0.000013909006	1	1	0
51062	0.000016670681	3	2	1
55908	0.000011549804	1	0	1
108071	0.000012894171	1	1	0
93408	0.000011549804	3	0	3
80154	0.000015373806	2	1	1
197258	0.000015878206	4	3	1
55258	0.000014631095	2	1	1
9543	0.000013960428	1	1	0
2053	0.000013124453	5	2	3
3699	0.000019558154	6	6	0
114789	0.000013071554	4	4	0
57441	0.000011549804	4	0	4
146542	0.000017259033	3	3	0
300303	0.000011601525	1	1	0
399355	0.000012598683	1	1	0
690966	0.000015872024	1	1	0
77980	0.000012892992	1	1	0
8174	0.000011646124	3	1	2
28793	0.000011549804	1	0	1
398313	0.000011549804	1	0	1
171350	0.000011877710	1	1	0
643406	0.000014531191	1	1	0
8875	0.000013561722	1	1	0
854714	0.000012972012	1	1	0
113691	0.000015684936	2	2	0
140699	0.000011549804	1	0	1
144125	0.000011549804	1	0	1
19696	0.000011549804	1	0	1
26441	0.000011549804	1	0	1
56892	0.000011589791	1	1	0
20430	0.000012892992	1	1	0
50604	0.000011549804	1	0	1
3783773	0.000012514307	1	1	0
256815	0.000011549804	1	0	1
66495	0.000012963316	1	1	0
56356	0.000012892992	1	1	0
220388	0.000018767098	3	2	1
117155	0.000011549804	1	0	1
84419	0.000014077444	2	1	1
2019	0.000012109740	3	1	2
171765	0.000013142891	1	1	0
165530	0.000011864452	1	1	0
79086	0.000011589791	1	1	0
339983	0.000012643800	5	2	3
23541	0.000011549804	2	0	2
116135	0.000017026044	1	1	0
57758	0.000011549804	1	0	1
80274	0.000031199113	2	2	0
854925	0.000012972012	1	1	0
337795	0.000013883560	1	1	0
100527943	0.000011635347	1	1	0
855841	0.000012972012	1	1	0
10863	0.000015251987	2	1	1
63953	0.000013883560	1	1	0
855306	0.000012972012	1	1	0
29943	0.000014409923	2	2	0
474384	0.000013104822	1	1	0
348825	0.000011549804	1	0	1
281080	0.000013162941	1	1	0
4961464	0.000012749598	7	1	6
10123	0.000012066047	3	1	2
15388	0.000012249679	1	1	0
114659	0.000011589791	1	1	0
151525	0.000011627267	1	1	0
856321	0.000012972012	1	1	0
7480	0.000011549804	5	0	5
283232	0.000011549804	1	0	1
767874	0.000016446511	2	2	0
80737	0.000012832591	2	2	0
5228	0.000019116401	4	2	2
161835	0.000015497455	3	1	2
830290	0.000012265472	1	1	0
71745	0.000013681300	1	1	0
246778	0.000013833536	2	1	1
856746	0.000023168017	3	3	0
110178	0.000013015687	1	1	0
90019	0.000011549804	1	0	1
167465	0.000023193308	4	4	0
500985	0.000012351270	2	1	1
84077	0.000011549804	2	0	2
60345	0.000011549804	1	0	1
26417	0.000011549804	1	0	1
126248	0.000011549804	1	0	1
201176	0.000011549804	3	0	3
105689	0.000028768547	3	3	0
856413	0.000012972012	1	1	0
836360	0.000012265472	1	1	0
100287042	0.000011706802	2	2	0
855661	0.000012972012	1	1	0
2644	0.000012904582	4	4	0
27190	0.000019604182	3	3	0
25798	0.000020497622	4	4	0
64530	0.000011601525	1	1	0
84622	0.000012749598	2	1	1
230979	0.000011549804	2	0	2
853573	0.000012972012	1	1	0
853585	0.000012972012	1	1	0
5806	0.000015602895	9	3	6
4050	0.000015713825	5	2	3
19255	0.000011549804	5	0	5
14232	0.000011753654	1	1	0
340990	0.000012972012	1	1	0
29489	0.000014003517	2	2	0
85443	0.000011973068	1	1	0
73710	0.000011549804	1	0	1
79783	0.000011821792	1	1	0
17494216	0.000013372855	3	2	1
79041	0.000011549804	4	0	4
9085	0.000027513688	2	2	0
10930	0.000011549804	1	0	1
28823	0.000012033716	2	1	1
57628	0.000013261067	4	3	1
23015	0.000013001074	2	2	0
854068	0.000012972012	1	1	0
381979	0.000012963316	1	1	0
221241	0.000013847595	1	1	0
79981	0.000014074718	1	1	0
85417	0.000011549804	2	0	2
79442	0.000013212929	1	1	0
3426	0.000016955149	4	2	2
23625	0.000012105171	2	2	0
90226	0.000038107643	4	4	0
282205	0.000013670875	1	1	0
6940	0.000015284643	4	1	3
26025	0.000011549804	1	0	1
392360	0.000015169409	4	4	0
29118	0.000014514192	2	2	0
11772	0.000013921558	2	2	0
5967	0.000037824990	4	2	2
9409	0.000035291924	6	3	3
5244	0.000012127264	3	1	2
148206	0.000016277710	3	3	0
229227	0.000011549804	4	0	4
100294162	0.000011549804	1	0	1
390502	0.000011549804	1	0	1
64850	0.000013111468	3	1	2
26409	0.000014370827	4	2	2
854206	0.000012972012	1	1	0
114212	0.000011549804	1	0	1
10886	0.000011549804	3	0	3
56145	0.000011902757	1	1	0
90956	0.000012157963	1	1	0
13175	0.000012892992	1	1	0
488984	0.000012963316	1	1	0
6369	0.000011549804	1	0	1
9333	0.000012669173	4	2	2
18508	0.000011549804	4	0	4
9573	0.000011549804	2	0	2
851336	0.000012972012	1	1	0
100337564	0.000011549804	1	0	1
84836	0.000011752301	2	1	1
389125	0.000017026044	1	1	0
83694	0.000012605518	1	1	0
499878	0.000011601525	1	1	0
24240	0.000013206569	2	2	0
17863	0.000012932812	2	1	1
84253	0.000012972012	1	1	0
154089	0.000014318013	1	1	0
193629	0.000011848457	1	1	0
852403	0.000012972012	1	1	0
51104	0.000014350902	2	2	0
445372	0.000012772088	2	2	0
405754	0.000011549804	1	0	1
53333	0.000012963316	1	1	0
818402	0.000012265472	1	1	0
13206	0.000015705952	2	2	0
31598	0.000011549804	2	0	2
839419	0.000012265472	1	1	0
150368	0.000018716620	5	4	1
66049	0.000012892992	1	1	0
75717	0.000017383703	4	4	0
153339	0.000019132257	1	1	0
391833	0.000011795132	1	1	0
970	0.000011589791	2	1	1
284185	0.000013567360	4	2	2
389690	0.000015937735	3	3	0
120406	0.000014497315	2	2	0
29985	0.000013394990	3	3	0
100132163	0.000011621259	1	1	0
728318	0.000011752301	1	1	0
24182	0.000011549804	1	0	1
230908	0.000012625278	2	1	1
9635	0.000013037121	3	2	1
819567	0.000012265472	1	1	0
314393	0.000011601525	1	1	0
1088	0.000016761121	2	2	0
13636	0.000013883560	1	1	0
16476	0.000012288361	2	1	1
132321	0.000016025779	3	2	1
284040	0.000013820411	2	2	0
23531	0.000011589791	1	1	0
89781	0.000017032144	2	2	0
79192	0.000011589791	1	1	0
198437	0.000011549804	1	0	1
1142	0.000011549804	3	0	3
64766	0.000014124177	2	2	0
23659	0.000011570747	2	1	1
851620	0.000012972012	1	1	0
116659	0.000011601525	1	1	0
73447	0.000013883560	1	1	0
25252	0.000017466712	3	2	1
4961462	0.000012927920	3	1	2
11949	0.000012963316	1	1	0
89822	0.000011744063	1	1	0
23045	0.000011549804	1	0	1
3492	0.000011549804	1	0	1
8228	0.000011549804	1	0	1
162979	0.000011994177	1	1	0
342926	0.000024270781	2	2	0
852763	0.000014760764	1	1	0
67264	0.000012963316	1	1	0
114132	0.000011549804	3	0	3
3783768	0.000012514307	1	1	0
27074	0.000011549804	1	0	1
843516	0.000011549804	1	0	1
12367	0.000012327795	2	1	1
116236	0.000033875270	5	4	1
94275	0.000012716842	1	1	0
17993	0.000012963316	1	1	0
4883	0.000011549804	3	0	3
9668	0.000011549804	1	0	1
203611	0.000012924356	1	1	0
14681	0.000012963316	1	1	0
53608	0.000011549804	1	0	1
443	0.000011549804	2	0	2
56736	0.000015457202	3	3	0
53822	0.000024386922	7	5	2
24211	0.000022074137	1	1	0
53325	0.000011549804	1	0	1
550631	0.000041396252	2	2	0
11819	0.000011549804	1	0	1
84826	0.000011590376	1	1	0
160065	0.000016021994	4	3	1
114788	0.000012380535	1	1	0
851485	0.000011549804	1	0	1
283932	0.000018852995	1	1	0
10858	0.000012634278	2	2	0
100287045	0.000013465064	1	1	0
65255	0.000013893144	2	1	1
207615	0.000012892992	1	1	0
114851	0.000012513325	2	2	0
851495	0.000011549804	1	0	1
80036	0.000015091740	2	2	0
10800	0.000011917490	2	1	1
51156	0.000015829748	3	2	1
851988	0.000012972012	1	1	0
143570	0.000011635347	1	1	0
269338	0.000015944428	1	1	0
3077460	0.000014971365	1	1	0
128338	0.000011589791	1	1	0
113906	0.000015951728	1	1	0
197320	0.000019754524	3	2	1
305955	0.000011601525	1	1	0
853782	0.000012972012	1	1	0
113835	0.000014786643	1	1	0
852215	0.000012972012	1	1	0
14464	0.000011549804	1	0	1
55105	0.000013526869	4	4	0
83610	0.000015661958	1	1	0
54868	0.000012155064	2	2	0
257000	0.000024128011	6	5	1
6665	0.000011916641	3	1	2
14228	0.000016704767	2	2	0
83401	0.000014077752	2	1	1
200315	0.000013948353	1	1	0
2540406	0.000012952549	1	1	0
2952	0.000026655803	5	5	0
833868	0.000014709904	1	1	0
122042	0.000012532269	2	1	1
222826	0.000015207240	2	2	0
76795	0.000011549804	1	0	1
407738	0.000012327282	1	1	0
14133	0.000011753654	1	1	0
373975	0.000013031762	1	1	0
23463	0.000013184546	6	2	4
16423	0.000012963316	1	1	0
839540	0.000011549804	1	0	1
79057	0.000011549804	3	0	3
854957	0.000012972012	1	1	0
10388	0.000011674794	1	1	0
165631	0.000011549804	1	0	1
55647	0.000011635347	1	1	0
25960	0.000014960138	3	3	0
404299	0.000014092952	1	1	0
100009581	0.000017225535	1	1	0
1473	0.000011549804	1	0	1
341333	0.000011939623	1	1	0
2696	0.000020792925	3	3	0
134728	0.000016679434	3	2	1
852032	0.000013296104	1	1	0
316561	0.000011601525	1	1	0
841765	0.000012265472	1	1	0
28955	0.000011549804	3	0	3
15122	0.000013015687	1	1	0
147791	0.000013080253	1	1	0
8747	0.000013202817	1	1	0
224619	0.000011549804	1	0	1
851636	0.000012972012	1	1	0
280843	0.000014558875	1	1	0
64205	0.000011877710	1	1	0
72512	0.000011611955	1	1	0
644414	0.000030002122	2	2	0
654319	0.000012080127	2	2	0
79729	0.000017960893	2	2	0
440498	0.000013074825	1	1	0
6847	0.000015720385	2	2	0
20278	0.000012948413	1	1	0
244310	0.000012762046	1	1	0
842256	0.000013097534	1	1	0
146227	0.000011810741	2	2	0
56163	0.000011699377	1	1	0
375337	0.000012326327	1	1	0
855104	0.000013681300	1	1	0
90523	0.000013401850	2	2	0
15259	0.000013065646	1	1	0
850643	0.000012972012	1	1	0
1303	0.000012105554	1	1	0
50854	0.000012730274	2	2	0
163742	0.000012033716	1	1	0
9048	0.000011549804	1	0	1
2676	0.000021374458	1	1	0
284443	0.000014899342	1	1	0
34009	0.000011549804	1	0	1
237422	0.000011549804	2	0	2
363425	0.000012121680	1	1	0
838658	0.000012265472	1	1	0
281831	0.000012374122	1	1	0
728127	0.000012031326	1	1	0
19325	0.000012892992	1	1	0
643617	0.000011795132	1	1	0
114794	0.000011717050	1	1	0
347487	0.000038605387	1	1	0
11278	0.000015471641	7	5	2
401994	0.000013920090	2	2	0
57369	0.000011549804	1	0	1
856059	0.000012972012	1	1	0
50646	0.000015362485	2	1	1
645086	0.000011795132	1	1	0
852986	0.000012972012	1	1	0
5253	0.000022064422	4	4	0
3755	0.000012799056	3	2	1
128153	0.000020837223	2	1	1
253832	0.000011576430	1	1	0
158038	0.000011549804	1	0	1
10638	0.000011549804	2	0	2
395	0.000017026044	1	1	0
844005	0.000011549804	1	0	1
511484	0.000014420090	1	1	0
284309	0.000011549804	1	0	1
13430	0.000023840444	2	2	0
16201	0.000011950055	1	1	0
80031	0.000018447172	1	1	0
53917	0.000013862128	5	1	4
17717	0.000012963316	1	1	0
284697	0.000012825448	2	2	0
343477	0.000013399751	1	1	0
26405	0.000012988638	1	1	0
56884	0.000012333512	1	1	0
85317	0.000018222986	2	2	0
51754	0.000011951197	2	1	1
54977	0.000016859481	3	2	1
83641	0.000015448409	4	4	0
80127	0.000011993053	1	1	0
25578	0.000017016611	1	1	0
36544	0.000013190230	1	1	0
21974	0.000011549804	4	0	4
157574	0.000015440284	2	2	0
8000	0.000011799536	1	1	0
100506055	0.000011590376	1	1	0
170799	0.000012538857	1	1	0
852424	0.000012972012	1	1	0
855254	0.000012972012	1	1	0
55332	0.000011917490	4	1	3
83999	0.000011549804	1	0	1
282173	0.000011549804	3	0	3
226562	0.000012249679	1	1	0
2297	0.000012751609	3	2	1
19655	0.000012249679	1	1	0
56468	0.000013088560	4	1	3
55765	0.000012499893	1	1	0
178272	0.000011549804	4	0	4
41744	0.000013932625	1	1	0
852612	0.000012972012	1	1	0
23213	0.000012948413	2	1	1
23957	0.000011549804	3	0	3
92979	0.000023901623	4	4	0
126259	0.000011683148	1	1	0
55146	0.000012769229	1	1	0
54834	0.000011772300	2	1	1
196500	0.000017748010	1	1	0
69562	0.000011549804	1	0	1
654231	0.000022224015	3	3	0
55351	0.000012605518	1	1	0
2703457	0.000013948393	1	1	0
853097	0.000012972012	1	1	0
211770	0.000012642330	1	1	0
116151	0.000017241965	4	4	0
9056	0.000021092927	2	2	0
730426	0.000011549804	1	0	1
68147	0.000014104955	2	2	0
91775	0.000011885892	2	1	1
346653	0.000014074718	1	1	0
100507739	0.000012958695	4	4	0
677800	0.000011744063	1	1	0
5995	0.000032081993	6	5	1
22201	0.000014008307	4	1	3
85238	0.000014367068	2	2	0
14225	0.000016476868	2	2	0
56208	0.000017034238	2	2	0
100135583	0.000013923215	1	1	0
147948	0.000011549804	1	0	1
157739	0.000011549804	1	0	1
375035	0.000012051282	2	2	0
10368	0.000011549804	4	0	4
284307	0.000011549804	1	0	1
22137	0.000011549804	4	0	4
13	0.000011549804	1	0	1
123887	0.000011549804	3	0	3
7359	0.000012268273	1	1	0
850539	0.000012337831	2	1	1
387103	0.000024763239	3	3	0
54944	0.000013596939	2	2	0
70497	0.000012538857	1	1	0
58844	0.000013714872	1	1	0
90338	0.000019233176	2	2	0
850803	0.000011549804	1	0	1
7434	0.000019796091	4	3	1
115727	0.000016007291	5	3	2
855751	0.000011549804	1	0	1
818860	0.000012265472	1	1	0
32100	0.000012323657	1	1	0
65258	0.000015879614	3	1	2
29083	0.000017191223	3	2	1
100132406	0.000014286923	4	2	2
401505	0.000011988339	2	1	1
339210	0.000018451626	2	2	0
226075	0.000013433531	1	1	0
8681	0.000013273371	2	2	0
30939	0.000011549804	1	0	1
400242	0.000011589791	1	1	0
151887	0.000012186254	1	1	0
855897	0.000011549804	1	0	1
856147	0.000012972012	1	1	0
73542	0.000014615762	2	2	0
852757	0.000012972012	2	1	1
150709	0.000011710395	1	1	0
856856	0.000012972012	1	1	0
6964	0.000013103558	3	1	2
6965	0.000017138386	1	1	0
282617	0.000011549804	1	0	1
283651	0.000011589791	1	1	0
824422	0.000014270322	1	1	0
2652	0.000011549804	2	0	2
9452	0.000012313004	2	2	0
67245	0.000011549804	2	0	2
81491	0.000013038080	2	2	0
203190	0.000019919129	1	1	0
360023	0.000012203832	2	2	0
51000	0.000011647885	2	2	0
853106	0.000012972012	1	1	0
30928	0.000013809847	1	1	0
151050	0.000011549804	1	0	1
124817	0.000012543302	1	1	0
852233	0.000012972012	1	1	0
855821	0.000012127724	1	1	0
24414	0.000013311895	1	1	0
29842	0.000018462667	4	3	1
64513	0.000011549804	1	0	1
80837	0.000022014991	5	5	0
83490	0.000012538857	1	1	0
50664	0.000011549804	1	0	1
8303	0.000011683148	1	1	0
441155	0.000012162092	1	1	0
53310	0.000013055138	1	1	0
619505	0.000011994584	1	1	0
1261	0.000012108039	1	1	0
9914	0.000043214651	1	1	0
493860	0.000011644708	1	1	0
654320	0.000012066040	2	2	0
67040	0.000012892992	1	1	0
1360	0.000011549804	1	0	1
855201	0.000018756816	1	1	0
29722	0.000011549804	2	0	2
11865	0.000011549804	1	0	1
201516	0.000017100177	4	4	0
200232	0.000011549804	1	0	1
116871	0.000015878755	3	3	0
157310	0.000011549804	3	0	3
855237	0.000012972012	1	1	0
33196	0.000014787470	2	2	0
57282	0.000016621634	3	2	1
26050	0.000012262671	2	2	0
390760	0.000011617139	1	1	0
100293737	0.000011549804	2	0	2
20724	0.000012760855	1	1	0
151473	0.000011549804	2	0	2
3769	0.000011549804	2	0	2
3780	0.000012403525	1	1	0
255061	0.000011549804	4	0	4
29942	0.000083271958	1	1	0
10610	0.000012769229	1	1	0
57415	0.000011730234	1	1	0
7092	0.000011549804	2	0	2
10899	0.000011549804	4	0	4
338055	0.000015574278	1	1	0
388591	0.000019435499	4	3	1
22628	0.000014306504	2	2	0
20166	0.000014615762	2	2	0
7700	0.000012403525	1	1	0
79891	0.000014272395	2	2	0
677679	0.000011994584	1	1	0
120329	0.000011549804	2	0	2
10753	0.000012930477	2	1	1
9619	0.000036395238	6	6	0
12772	0.000013144026	1	1	0
851431	0.000012972012	1	1	0
84058	0.000031922971	8	5	3
361381	0.000011549804	4	0	4
730441	0.000013303104	1	1	0
23359	0.000011789142	1	1	0
50592	0.000014491805	1	1	0
56470	0.000013883560	1	1	0
820142	0.000012265472	1	1	0
388323	0.000011549804	1	0	1
64799	0.000011549804	2	0	2
653147	0.000012609906	1	1	0
222950	0.000011771834	1	1	0
72097	0.000012892992	1	1	0
854029	0.000012972012	1	1	0
776	0.000025552666	4	4	0
284440	0.000012351352	2	1	1
155066	0.000012515356	1	1	0
56138	0.000011902757	1	1	0
20823	0.000012892992	1	1	0
130576	0.000014083190	3	1	2
56097	0.000011549804	1	0	1
56853	0.000025045546	5	3	2
376940	0.000012234706	1	1	0
100033433	0.000011972613	1	1	0
41085	0.000011549804	1	0	1
196410	0.000015660573	2	2	0
850346	0.000011549804	1	0	1
13433	0.000011549804	1	0	1
2165	0.000014819409	2	1	1
16564	0.000012892992	1	1	0
134111	0.000011549804	1	0	1
100364825	0.000011601525	1	1	0
100616191	0.000011766366	1	1	0
850440	0.000011549804	1	0	1
19894	0.000012892992	1	1	0
414918	0.000012771102	2	1	1
24672	0.000019287250	2	1	1
27151	0.000017297277	3	3	0
284992	0.000014819093	2	2	0
5675	0.000012159253	1	1	0
9881	0.000015942792	2	2	0
854428	0.000012972012	1	1	0
397769	0.000011549804	1	0	1
292330	0.000011601525	1	1	0
12912	0.000012824263	1	1	0
79987	0.000020669941	5	5	0
83571	0.000012513325	2	2	0
162655	0.000011549804	1	0	1
221833	0.000031006341	3	3	0
4070	0.000012332129	6	2	4
3466	0.000012623277	1	1	0
23026	0.000023291111	3	1	2
81693	0.000013948353	1	1	0
192192	0.000012538857	1	1	0
854543	0.000017616744	1	1	0
16909	0.000012403665	2	1	1
2999	0.000011549804	1	0	1
57512	0.000012688979	2	1	1
498109	0.000015872024	1	1	0
854303	0.000012972012	1	1	0
852378	0.000012972012	1	1	0
4923	0.000011923085	2	1	1
55190	0.000012581272	3	1	2
14862	0.000014991251	1	1	0
5988	0.000013072440	1	1	0
150142	0.000015250278	2	2	0
147685	0.000011549804	1	0	1
851335	0.000012972012	1	1	0
735079	0.000012406109	1	1	0
67130	0.000012963316	1	1	0
100996747	0.000012789865	1	1	0
853895	0.000012972012	1	1	0
56942	0.000013681300	1	1	0
130132	0.000012508692	2	2	0
854106	0.000011549804	1	0	1
132299	0.000012750471	5	4	1
8989	0.000015069431	1	1	0
396526	0.000016813180	1	1	0
81818	0.000015873842	2	2	0
59303	0.000011753654	1	1	0
9556	0.000012002809	2	2	0
80310	0.000013982680	1	1	0
121512	0.000017113246	4	3	1
90321	0.000020276581	3	3	0
13426	0.000015142854	2	2	0
13510	0.000019779878	1	1	0
19334	0.000013372753	1	1	0
124149	0.000016201250	3	2	1
852313	0.000012972012	1	1	0
64196	0.000017742110	5	1	4
57593	0.000017286664	3	2	1
10867	0.000011589791	1	1	0
22278	0.000013535398	1	1	0
1010	0.000015062973	3	1	2
127795	0.000011549804	1	0	1
2829	0.000011549804	3	0	3
29799	0.000011980583	1	1	0
852873	0.000012972012	1	1	0
54985	0.000016380897	3	1	2
54600	0.000011549804	1	0	1
10647	0.000011549804	1	0	1
271457	0.000011549804	1	0	1
24099	0.000012882773	1	1	0
440044	0.000014778690	1	1	0
80890	0.000011753654	1	1	0
320707	0.000012892992	1	1	0
642954	0.000012609906	1	1	0
2703393	0.000011611955	1	1	0
828970	0.000012265472	1	1	0
853860	0.000012972012	1	1	0
32045	0.000011778583	1	1	0
15571	0.000013015687	1	1	0
80834	0.000011549804	1	0	1
54898	0.000014077752	1	1	0
380441	0.000011549804	1	0	1
851800	0.000012972012	1	1	0
500040	0.000020715232	1	1	0
653226	0.000015012146	4	4	0
390883	0.000012972012	1	1	0
1487945	0.000013214757	1	1	0
100153862	0.000018205008	1	1	0
40830	0.000011877710	1	1	0
417947	0.000013771917	1	1	0
619563	0.000014278260	4	4	0
19079	0.000012716842	1	1	0
25650	0.000022074137	1	1	0
89978	0.000011549804	2	0	2
503670	0.000011549804	1	0	1
272359	0.000012538857	1	1	0
116966	0.000014595716	2	1	1
200030	0.000012972012	2	1	1
79949	0.000013415457	2	2	0
400555	0.000015573909	1	1	0
2844	0.000011963040	1	1	0
2539869	0.000011549804	1	0	1
16498	0.000012963316	1	1	0
79680	0.000013751211	2	1	1
56164	0.000013187751	2	2	0
175781	0.000011549804	1	0	1
18655	0.000014008307	1	1	0
1241	0.000011549804	4	0	4
6023	0.000013406511	2	2	0
855592	0.000014170722	1	1	0
57157	0.000012093042	2	2	0
9436	0.000011549804	1	0	1
64823	0.000011549804	1	0	1
19766	0.000012947651	1	1	0
14205	0.000013374214	1	1	0
653820	0.000675457748	2	2	0
20602	0.000020592959	2	2	0
653687	0.000012033716	1	1	0
852547	0.000012972012	1	1	0
140630	0.000011549804	1	0	1
390155	0.000011683148	1	1	0
90737	0.000012413042	2	2	0
855283	0.000012972012	1	1	0
286423	0.000015532708	1	1	0
147657	0.000012583294	2	1	1
160419	0.000012094253	1	1	0
493869	0.000012087429	2	1	1
29151	0.000013361922	1	1	0
148930	0.000017748010	1	1	0
219749	0.000018065713	1	1	0
283652	0.000012033716	1	1	0
9058	0.000011674794	1	1	0
728556	0.000012291916	2	2	0
283238	0.000011795132	1	1	0
80216	0.000012946928	3	2	1
285679	0.000030824904	6	4	2
20977	0.000012963316	1	1	0
68045	0.000013592867	2	2	0
100129777	0.000013638626	1	1	0
100037714	0.000014736788	1	1	0
850505	0.000012972012	1	1	0
17472	0.000014023886	1	1	0
9723	0.000014867211	1	1	0
10964	0.000012613424	1	1	0
854324	0.000012972012	1	1	0
20511	0.000012963316	3	1	2
51252	0.000019652397	2	1	1
55800	0.000012531707	2	1	1
158800	0.000012951374	2	1	1
26333	0.000011549804	2	0	2
57728	0.000018021965	3	3	0
266747	0.000013461641	5	1	4
852395	0.000012937749	1	1	0
84709	0.000012457205	2	2	0
10154	0.000011549804	1	0	1
314930	0.000011549804	1	0	1
417956	0.000013771917	1	1	0
208198	0.000013883560	1	1	0
81005	0.000017792008	1	1	0
102093	0.000012892992	1	1	0
147495	0.000011549804	3	0	3
851513	0.000011549804	3	0	3
1521	0.000011917490	1	1	0
404179	0.000033432093	2	2	0
173287	0.000011549804	1	0	1
3812	0.000012077490	2	1	1
31669	0.000012538857	1	1	0
83800	0.000013077929	2	2	0
2703384	0.000011611955	1	1	0
283768	0.000030188849	2	2	0
257203	0.000011549804	1	0	1
817612	0.000012265472	1	1	0
727751	0.000017396947	1	1	0
92014	0.000012861974	3	3	0
81616	0.000011908828	1	1	0
2543	0.000011549804	3	0	3
441191	0.000011706802	2	2	0
853653	0.000012972012	1	1	0
643394	0.000013202817	1	1	0
12421	0.000016522282	2	2	0
307169	0.000013799666	1	1	0
57830	0.000013661138	3	3	0
727676	0.000015607899	1	1	0
124056	0.000013055210	1	1	0
67097	0.000012963316	1	1	0
542767	0.000012415886	1	1	0
57546	0.000018551502	2	2	0
851797	0.000016666192	2	2	0
10103	0.000014709084	1	1	0
20613	0.000011549804	1	0	1
29271	0.000011753654	1	1	0
853830	0.000012972012	1	1	0
16924	0.000011549804	1	0	1
686499	0.000011601525	1	1	0
395635	0.000011549804	1	0	1
3213	0.000017168718	3	3	0
33837	0.000012541506	1	1	0
854040	0.000012972012	1	1	0
8320	0.000012414704	1	1	0
70052	0.000013883560	1	1	0
162137	0.000033306505	2	2	0
69714	0.000012716842	1	1	0
25819	0.000013749667	3	3	0
100359642	0.000011601525	1	1	0
400818	0.000012972012	1	1	0
5100	0.000012925707	2	2	0
348645	0.000011549804	1	0	1
6415	0.000011621259	1	1	0
55992	0.000015000315	2	2	0
361970	0.000013527028	1	1	0
851993	0.000017281254	2	2	0
84417	0.000017748010	1	1	0
414919	0.000014645186	2	2	0
17716	0.000012963316	1	1	0
89817	0.000011549804	1	0	1
25255	0.000013306271	1	1	0
150379	0.000015373806	1	1	0
57467	0.000011888476	2	1	1
285343	0.000011549804	1	0	1
100130557	0.000011635347	1	1	0
342527	0.000011752301	2	1	1
855771	0.000012972012	1	1	0
35121	0.000011549804	1	0	1
68203	0.000012892992	1	1	0
192134	0.000011549804	1	0	1
142683	0.000013176140	3	1	2
837452	0.000012265472	1	1	0
28035	0.000014881817	1	1	0
117166	0.000018374916	3	3	0
256223	0.000012783481	1	1	0
852018	0.000011549804	2	0	2
108155	0.000012989920	1	1	0
196743	0.000012817975	1	1	0
432442	0.000011549804	1	0	1
140488	0.000012249679	1	1	0
84924	0.000014704855	4	4	0
828617	0.000012265472	1	1	0
9447	0.000011549804	3	0	3
283284	0.000011601710	1	1	0
121551	0.000015585712	1	1	0
57577	0.000012705484	1	1	0
852373	0.000012127724	1	1	0
821519	0.000012265472	1	1	0
66736	0.000011753654	1	1	0
54454	0.000011573611	1	1	0
25353	0.000011549804	1	0	1
1310	0.000011690030	1	1	0
57001	0.000011549804	2	0	2
1724712	0.000011549804	1	0	1
257648	0.000012966601	1	1	0
79904	0.000014018929	1	1	0
53609	0.000012769229	1	1	0
56249	0.000013988972	1	1	0
679835	0.000011601525	1	1	0
25502	0.000011549804	1	0	1
10178	0.000014590374	3	2	1
54491	0.000011589791	2	1	1
20132	0.000013883560	1	1	0
731	0.000011549804	4	0	4
256227	0.000012682499	1	1	0
19088	0.000012892992	7	1	6
2703422	0.000011611955	1	1	0
123207	0.000017563723	2	2	0
303155	0.000011601525	1	1	0
80023	0.000017348267	4	3	1
319110	0.000011601525	1	1	0
117060	0.000011549804	3	0	3
100008890	0.000011549804	1	0	1
238055	0.000012878920	1	1	0
27160	0.000011549804	1	0	1
15364	0.000029134514	3	3	0
192656	0.000013634253	2	2	0
15467	0.000013883560	1	1	0
69993	0.000013883560	1	1	0
3574	0.000012869880	4	2	2
853393	0.000011549804	1	0	1
12336	0.000011753654	1	1	0
83765	0.000011549804	1	0	1
1770	0.000012318326	3	2	1
56324	0.000012972012	1	1	0
379355	0.000014015637	1	1	0
851408	0.000012972012	1	1	0
53834	0.000014337510	2	2	0
401262	0.000011750532	1	1	0
146712	0.000011549804	2	0	2
158326	0.000012847602	1	1	0
117156	0.000014824689	1	1	0
27239	0.000011549804	2	0	2
147172	0.000022897441	2	2	0
234663	0.000012892992	1	1	0
496247	0.000011549804	2	0	2
399385	0.000011549804	1	0	1
18095	0.000016046142	1	1	0
283971	0.000011549804	1	0	1
207214	0.000012249679	1	1	0
4858	0.000012193299	2	2	0
404220	0.000011549804	1	0	1
64768	0.000013304026	1	1	0
257240	0.000012605518	1	1	0
853604	0.000012972012	1	1	0
84885	0.000014711792	2	2	0
140734	0.000011601525	1	1	0
142891	0.000011606828	2	1	1
11950	0.000012963316	1	1	0
854119	0.000012972012	1	1	0
3447	0.000013595890	3	2	1
147670	0.000011690944	1	1	0
83459	0.000011549804	1	0	1
509933	0.000011549804	2	0	2
18415	0.000012682155	1	1	0
339476	0.000026849491	2	2	0
69009	0.000012716842	1	1	0
79802	0.000012931657	1	1	0
375133	0.000015373806	1	1	0
50764	0.000018428473	1	1	0
54657	0.000012750553	1	1	0
829895	0.000012265472	1	1	0
854691	0.000011549804	1	0	1
15900	0.000013372753	1	1	0
100361133	0.000011601525	1	1	0
374018	0.000011549804	1	0	1
196385	0.000011644708	1	1	0
440587	0.000015596734	2	2	0
64420	0.000017634484	4	4	0
7117	0.000011589791	1	1	0
394380	0.000013067929	1	1	0
76338	0.000012902051	1	1	0
850496	0.000012972012	1	1	0
16150	0.000020191682	3	3	0
127262	0.000011549804	1	0	1
150165	0.000014372090	1	1	0
51084	0.000016378682	3	3	0
79825	0.000012337831	1	1	0
18171	0.000011549804	3	0	3
8759	0.000017487950	1	1	0
50719	0.000011601525	1	1	0
222663	0.000011549804	1	0	1
18080	0.000012892992	1	1	0
26825	0.000012835330	1	1	0
239510	0.000012892992	1	1	0
387496	0.000011589791	1	1	0
138715	0.000017241099	3	2	1
179441	0.000011549804	1	0	1
219770	0.000044081628	2	2	0
12753	0.000013380422	1	1	0
81678	0.000011549804	1	0	1
126204	0.000018001854	2	1	1
11464	0.000011971188	1	1	0
677840	0.000011972613	1	1	0
65277	0.000021248836	1	1	0
315840	0.000012850364	2	2	0
647013	0.000011771834	1	1	0
306862	0.000012646513	1	1	0
100506898	0.000014125190	2	2	0
23217	0.000013947928	2	1	1
828957	0.000011549804	1	0	1
15951	0.000011549804	1	0	1
84539	0.000035109878	1	1	0
92285	0.000017214842	3	2	1
2662	0.000011549804	1	0	1
221357	0.000016027112	2	1	1
16647	0.000014325897	1	1	0
51006	0.000011917490	1	1	0
2542606	0.000012972012	1	1	0
291948	0.000011601525	1	1	0
100507290	0.000011828579	1	1	0
10816	0.000013540075	1	1	0
25135	0.000011601525	1	1	0
375387	0.000011570747	1	1	0
81854	0.000012543085	2	1	1
401817	0.000011795132	1	1	0
851624	0.000017629839	2	2	0
4495	0.000015870802	2	2	0
17060	0.000012538857	1	1	0
1178	0.000011549804	4	0	4
10663	0.000011549804	1	0	1
401027	0.000012024780	1	1	0
132160	0.000011549804	1	0	1
287026	0.000016509849	1	1	0
120526	0.000015295524	3	3	0
80063	0.000014771927	6	2	4
168391	0.000012433987	1	1	0
50995	0.000012437765	1	1	0
11991	0.000012249679	1	1	0
100528064	0.000012729125	1	1	0
284085	0.000029679411	2	2	0
232976	0.000011988621	1	1	0
78968	0.000011549804	1	0	1
22230	0.000011549804	1	0	1
26447	0.000012972012	2	1	1
207212	0.000011549804	2	0	2
6060	0.000012902513	2	2	0
13982	0.000015834497	3	2	1
440452	0.000011549804	1	0	1
79071	0.000016337342	2	2	0
527565	0.000014105946	1	1	0
392490	0.000022236891	1	1	0
541472	0.000011549804	1	0	1
2540149	0.000014505038	1	1	0
5197	0.000011907096	1	1	0
3783702	0.000012514307	1	1	0
17719	0.000012963316	1	1	0
144195	0.000012057004	1	1	0
54300	0.000011549804	1	0	1
404550	0.000021522273	2	2	0
288734	0.000012907860	1	1	0
839131	0.000012265472	1	1	0
17454	0.000012249679	1	1	0
29282	0.000013206569	2	2	0
64896	0.000011601525	1	1	0
337875	0.000020665159	2	2	0
9068	0.000022343303	2	2	0
200634	0.000012033716	1	1	0
50651	0.000012383247	1	1	0
80328	0.000020007465	7	6	1
375759	0.000012117697	1	1	0
71774	0.000013799666	1	1	0
374875	0.000011908828	1	1	0
140859	0.000013883560	1	1	0
852276	0.000013306271	1	1	0
3631281	0.000011549804	1	0	1
171329	0.000011601525	1	1	0
4503	0.000013085372	1	1	0
727830	0.000015335779	1	1	0
71096	0.000013883560	1	1	0
55130	0.000012892390	2	1	1
23395	0.000013338773	5	5	0
65019	0.000012486327	1	1	0
375444	0.000012149818	2	2	0
123606	0.000011917490	1	1	0
29338	0.000011601525	1	1	0
84677	0.000013786801	2	2	0
116655	0.000019148832	1	1	0
15275	0.000012963316	1	1	0
2703350	0.000011611955	1	1	0
8484	0.000012253899	1	1	0
150221	0.000012280618	1	1	0
117145	0.000011549804	1	0	1
56180	0.000011549804	1	0	1
100359583	0.000011601525	1	1	0
397857	0.000011549804	1	0	1
855101	0.000019184742	2	1	1
199870	0.000014175095	2	2	0
109241	0.000011549804	1	0	1
74142	0.000012892992	1	1	0
644422	0.000011795132	1	1	0
2703368	0.000011611955	1	1	0
83787	0.000012140064	1	1	0
851691	0.000013067929	1	1	0
852235	0.000012972012	1	1	0
84002	0.000014283895	2	1	1
26814	0.000011570747	1	1	0
388882	0.000021572537	6	6	0
856412	0.000012972012	1	1	0
417553	0.000014077444	1	1	0
178079	0.000015252236	1	1	0
7482	0.000013888456	2	2	0
100361067	0.000011601525	1	1	0
855474	0.000012972012	1	1	0
14056	0.000011549804	1	0	1
7834	0.000014105410	1	1	0
856461	0.000012972012	1	1	0
9153	0.000012024780	1	1	0
71720	0.000012282005	1	1	0
855256	0.000011549804	1	0	1
127700	0.000020755705	2	2	0
442868	0.000011549804	2	0	2
839690	0.000011549804	1	0	1
171484	0.000015359182	1	1	0
3270	0.000011549804	3	0	3
22334	0.000012963316	1	1	0
2436	0.000013948393	1	1	0
72787	0.000011549804	1	0	1
8846	0.000011549804	1	0	1
824493	0.000012265472	1	1	0
12361	0.000013055138	2	1	1
81827	0.000011601525	2	1	1
820364	0.000012265472	1	1	0
6540	0.000011864452	1	1	0
90527	0.000012618103	1	1	0
685055	0.000011549804	1	0	1
851461	0.000012972012	1	1	0
25155	0.000011549804	2	0	2
54328	0.000011549804	1	0	1
21665	0.000013809847	1	1	0
3790	0.000012605518	2	1	1
80288	0.000014015637	1	1	0
388569	0.000012609906	1	1	0
11966	0.000012963316	1	1	0
171574	0.000013799666	1	1	0
824216	0.000012265472	1	1	0
1548	0.000017726522	3	2	1
5193	0.000013139458	4	2	2
284912	0.000020385621	2	2	0
677841	0.000011994584	1	1	0
18707	0.000012538857	1	1	0
6762	0.000013021853	1	1	0
140586	0.000011549804	4	0	4
20405	0.000012892992	1	1	0
56128	0.000011753654	1	1	0
137994	0.000011549804	1	0	1
440699	0.000012158707	2	2	0
28387	0.000012723216	3	1	2
41565	0.000011549804	1	0	1
851707	0.000012972012	1	1	0
856241	0.000012972012	1	1	0
25238	0.000011549804	2	0	2
24146	0.000011549804	3	0	3
100360302	0.000011601525	1	1	0
8273	0.000011589791	2	1	1
856438	0.000012972012	1	1	0
393	0.000013539963	5	3	2
823556	0.000012265472	1	1	0
333931	0.000011549804	1	0	1
398149	0.000011549804	3	0	3
856517	0.000012972012	1	1	0
850504	0.000019303813	2	2	0
68585	0.000012892992	1	1	0
299331	0.000014233704	1	1	0
192157	0.000011549804	2	0	2
17165	0.000011891214	1	1	0
100505540	0.000011549804	1	0	1
122970	0.000012817975	1	1	0
8287993	0.000011549804	2	0	2
2218	0.000013636317	2	2	0
14694	0.000011753654	1	1	0
856886	0.000020969972	1	1	0
19417	0.000015104040	2	1	1
75723	0.000012762046	1	1	0
181263	0.000011549804	1	0	1
139422	0.000012865715	2	1	1
441478	0.000015255044	2	2	0
196792	0.000012575166	1	1	0
84752	0.000012787145	3	2	1
313837	0.000011601525	1	1	0
117045	0.000011549804	1	0	1
100009341	0.000017225535	1	1	0
360213	0.000012892992	1	1	0
2845	0.000012131082	3	1	2
18571	0.000012538857	1	1	0
25261	0.000028804602	1	1	0
282072	0.000011549804	1	0	1
56063	0.000011917490	2	1	1
57125	0.000012276484	1	1	0
79647	0.000017525387	2	2	0
22193	0.000017215574	4	2	2
192170	0.000011549804	1	0	1
81501	0.000013763005	1	1	0
440822	0.000012313683	1	1	0
100132053	0.000011690030	1	1	0
79413	0.000012014673	2	2	0
20747	0.000013065646	1	1	0
5458	0.000011549804	1	0	1
832846	0.000011549804	1	0	1
84647	0.000011549804	3	0	3
30138	0.000011549804	1	0	1
76960	0.000014306504	2	2	0
25676	0.000012674100	1	1	0
138162	0.000011750532	1	1	0
84873	0.000012366266	2	1	1
219983	0.000011549804	1	0	1
24399	0.000013799666	1	1	0
91074	0.000012972012	1	1	0
856821	0.000013202817	1	1	0
850527	0.000012972012	1	1	0
109711	0.000012937800	2	2	0
58503	0.000011549804	1	0	1
4825	0.000012541506	1	1	0
21376	0.000013771917	2	1	1
54209	0.000011549804	1	0	1
404305	0.000011549804	1	0	1
339906	0.000022236891	1	1	0
9542	0.000011549804	2	0	2
29949	0.000011549804	1	0	1
85315	0.000013089335	2	2	0
855838	0.000012972012	2	1	1
828230	0.000011549804	1	0	1
54123	0.000016476868	2	2	0
852858	0.000012972012	1	1	0
147381	0.000011549804	1	0	1
93765	0.000011549804	1	0	1
163087	0.000011880675	2	2	0
113791	0.000022230398	3	3	0
64118	0.000020076284	5	5	0
296480	0.000011601525	1	1	0
151742	0.000011549804	1	0	1
255189	0.000011907096	1	1	0
74192	0.000012892992	1	1	0
148870	0.000013151978	2	2	0
114023	0.000011601525	1	1	0
313564	0.000011601525	1	1	0
92558	0.000012031326	1	1	0
377841	0.000014428395	1	1	0
14460	0.000011549804	1	0	1
18747	0.000011549804	2	0	2
2703399	0.000011611955	2	1	1
851996	0.000012972012	1	1	0
851504	0.000012972012	1	1	0
200931	0.000011864452	1	1	0
100760101	0.000012213262	1	1	0
56849	0.000012381138	1	1	0
27368	0.000012282005	1	1	0
257236	0.000012587927	1	1	0
56351	0.000012531646	2	2	0
81650	0.000011549804	2	0	2
854284	0.000012972012	1	1	0
852380	0.000012972012	1	1	0
854732	0.000012972012	1	1	0
57586	0.000011549804	1	0	1
92482	0.000013222666	2	2	0
853805	0.000012972012	1	1	0
7292	0.000013244237	2	1	1
56140	0.000011902757	1	1	0
851410	0.000012972012	1	1	0
254778	0.000019432397	1	1	0
284014	0.000011908828	1	1	0
57406	0.000011716323	3	1	2
75465	0.000012892992	1	1	0
389383	0.000017748010	1	1	0
180637	0.000011549804	1	0	1
91300	0.000012972012	1	1	0
653220	0.000017069106	1	1	0
54619	0.000011805692	2	2	0
851928	0.000012337831	1	1	0
20844	0.000012972012	1	1	0
10795	0.000013523971	2	2	0
23574	0.000011549804	2	0	2
126638	0.000013486654	1	1	0
22630	0.000015668287	2	2	0
2846	0.000012326680	2	2	0
57691	0.000011713548	1	1	0
851342	0.000012972012	1	1	0
25132	0.000011549804	2	0	2
54863	0.000012105281	2	2	0
219578	0.000013661903	1	1	0
100272216	0.000012972012	1	1	0
120425	0.000015493886	1	1	0
389141	0.000011795132	1	1	0
398425	0.000011549804	1	0	1
79789	0.000012117697	1	1	0
36809	0.000011549804	1	0	1
8390	0.000012953326	1	1	0
380351	0.000011549804	2	0	2
170791	0.000011549804	1	0	1
380110	0.000011549804	1	0	1
447433	0.000021231547	1	1	0
221442	0.000011549804	1	0	1
245806	0.000015886919	3	1	2
440264	0.000011549804	2	0	2
11546	0.000013607340	1	1	0
84176	0.000011812087	1	1	0
114044	0.000012836906	1	1	0
26659	0.000011549804	1	0	1
821625	0.000012265472	1	1	0
851135	0.000016681274	3	1	2
415116	0.000012605518	4	1	3
109624	0.000011971188	1	1	0
57733	0.000012142184	2	1	1
20901	0.000012282005	1	1	0
2542112	0.000012143806	1	1	0
268890	0.000012963316	1	1	0
20375	0.000011549804	1	0	1
65248	0.000011549804	1	0	1
7594	0.000012504259	1	1	0
54943	0.000014663471	4	3	1
340485	0.000012688417	1	1	0
51012	0.000011589791	1	1	0
19340	0.000012892992	1	1	0
317703	0.000019130164	1	1	0
64115	0.000013570778	2	2	0
284114	0.000021499728	4	4	0
554207	0.000011549804	1	0	1
21413	0.000011549804	1	0	1
353299	0.000012683435	2	2	0
255180	0.000012465851	1	1	0
78783	0.000012327795	1	1	0
78998	0.000012596249	1	1	0
85453	0.000011549804	1	0	1
80863	0.000012277062	1	1	0
94031	0.000011776942	1	1	0
55321	0.000012824263	1	1	0
340075	0.000023579807	1	1	0
57030	0.000011549804	1	0	1
856786	0.000011549804	1	0	1
100272147	0.000011549804	1	0	1
10349	0.000013283381	2	2	0
64137	0.000014537211	3	2	1
853262	0.000012972012	1	1	0
169611	0.000011549804	1	0	1
79113	0.000011549804	1	0	1
245007	0.000014655435	1	1	0
56513	0.000013883560	1	1	0
22194	0.000011549804	1	0	1
55515	0.000012199020	2	2	0
3783761	0.000014186972	2	1	1
854096	0.000012972012	1	1	0
850499	0.000012972012	1	1	0
100952	0.000012716842	1	1	0
281201	0.000011549804	1	0	1
75869	0.000012902051	1	1	0
283748	0.000011549804	1	0	1
293524	0.000015951728	1	1	0
18537	0.000011753654	1	1	0
55450	0.000012931687	2	2	0
39765	0.000014856061	1	1	0
54766	0.000017014287	1	1	0
252881	0.000013882894	1	1	0
3080	0.000011549804	1	0	1
13007	0.000011971188	1	1	0
84954	0.000013855014	2	2	0
387882	0.000020677485	3	3	0
56191	0.000011753654	1	1	0
854038	0.000011549804	1	0	1
83544	0.000026349245	1	1	0
17975	0.000013535398	1	1	0
360739	0.000011601525	1	1	0
852721	0.000012972012	1	1	0
1670	0.000011549804	3	0	3
852755	0.000014034916	2	1	1
25636	0.000011549804	3	0	3
270097	0.000012892992	1	1	0
90134	0.000012403525	1	1	0
29419	0.000014305584	1	1	0
18764	0.000012984636	1	1	0
286097	0.000011789142	1	1	0
284615	0.000011549804	1	0	1
498366	0.000011601525	1	1	0
851433	0.000012972012	1	1	0
16646	0.000014325897	1	1	0
72042	0.000011549804	1	0	1
220001	0.000012033716	2	1	1
19017	0.000013776545	1	1	0
100363878	0.000011601525	1	1	0
100342572	0.000011549804	1	0	1
854708	0.000012031326	1	1	0
395688	0.000016355816	2	2	0
113763	0.000011549804	1	0	1
57751	0.000011549804	1	0	1
280968	0.000013670875	1	1	0
240057	0.000011907557	1	1	0
401145	0.000014332205	1	1	0
4496	0.000015072779	2	1	1
212514	0.000013394227	2	2	0
2847	0.000018908904	2	1	1
855621	0.000011549804	1	0	1
363633	0.000015872024	1	1	0
829484	0.000013230060	1	1	0
67841	0.000011549804	1	0	1
5383	0.000012143359	1	1	0
18570	0.000015335557	3	1	2
67087	0.000014015637	1	1	0
55304	0.000028326937	4	2	2
29222	0.000011601525	1	1	0
100033435	0.000011972613	1	1	0
728833	0.000011589791	1	1	0
852788	0.000013593051	1	1	0
68501	0.000011815544	1	1	0
84987	0.000011549804	3	0	3
817506	0.000011549804	1	0	1
734734	0.000011549804	1	0	1
380423	0.000011549804	1	0	1
153396	0.000011752474	1	1	0
851381	0.000012972012	1	1	0
24586	0.000011601525	1	1	0
851310	0.000011549804	1	0	1
20851	0.000013714872	2	1	1
91966	0.000014188888	1	1	0
643641	0.000033229735	3	3	0
256356	0.000011589791	1	1	0
12460	0.000012682155	1	1	0
79605	0.000012327282	1	1	0
79750	0.000016755274	1	1	0
149934	0.000015878461	1	1	0
829315	0.000011549804	1	0	1
26826	0.000012835330	1	1	0
17920	0.000013760024	1	1	0
26782	0.000011994584	1	1	0
27164	0.000012872645	3	2	1
41743	0.000011549804	1	0	1
170670	0.000011601525	1	1	0
29579	0.000011753654	1	1	0
1497091	0.000011549804	1	0	1
1580	0.000011549804	3	0	3
151258	0.000011549804	1	0	1
298203	0.000011601525	1	1	0
154091	0.000014164595	2	1	1
851908	0.000011549804	1	0	1
66795	0.000019176247	2	1	1
51054	0.000020070126	1	1	0
407610	0.000011549804	2	0	2
820986	0.000011549804	1	0	1
728392	0.000011778436	1	1	0
170626	0.000017434632	3	2	1
19170	0.000011753654	1	1	0
854138	0.000015485670	3	1	2
55303	0.000011549804	1	0	1
84016	0.000013035563	2	2	0
445341	0.000026946804	3	3	0
100365943	0.000011601525	1	1	0
25059	0.000011549804	3	0	3
100126693	0.000011674794	1	1	0
84215	0.000012914901	2	1	1
64051	0.000012892992	1	1	0
84895	0.000013160143	2	2	0
227541	0.000012892992	1	1	0
20587	0.000013460343	1	1	0
29923	0.000015774734	1	1	0
57583	0.000011863914	1	1	0
253650	0.000012157963	1	1	0
855645	0.000012972012	1	1	0
79646	0.000011589791	2	1	1
19769	0.000012282005	1	1	0
85474	0.000012323657	1	1	0
207147	0.000013303104	1	1	0
374308	0.000072362523	1	1	0
26815	0.000011570747	1	1	0
854913	0.000012972012	1	1	0
856411	0.000012972012	1	1	0
840989	0.000011549804	1	0	1
83550	0.000012075488	2	2	0
856371	0.000012972012	1	1	0
9426	0.000012924356	1	1	0
30946	0.000011549804	1	0	1
7870	0.000021142212	1	1	0
64582	0.000016531368	3	3	0
68612	0.000011549804	1	0	1
852875	0.000012972012	1	1	0
285498	0.000011589791	1	1	0
78938	0.000016476868	2	2	0
3535	0.000011907096	4	1	3
281667	0.000011765705	2	1	1
853427	0.000012972012	1	1	0
6528	0.000012881437	3	1	2
51524	0.000011576430	1	1	0
26853	0.000011972613	1	1	0
81830	0.000014297186	1	1	0
652972	0.000017485399	1	1	0
307309	0.000014346324	2	2	0
856148	0.000012972012	1	1	0
100101629	0.000011549804	1	0	1
1487705	0.000011549804	1	0	1
66899	0.000012249679	1	1	0
276770	0.000011971188	1	1	0
7190	0.000012625278	1	1	0
10357	0.000011823618	1	1	0
152110	0.000013252625	2	2	0
30814	0.000013076099	2	1	1
856794	0.000012972012	1	1	0
854435	0.000012972012	1	1	0
830009	0.000011549804	1	0	1
228829	0.000011549804	1	0	1
394303	0.000011549804	1	0	1
57829	0.000014558994	1	1	0
283120	0.000012526423	1	1	0
855689	0.000011988621	1	1	0
856195	0.000012972012	1	1	0
171140	0.000014149372	1	1	0
12465	0.000017086967	2	2	0
24642	0.000011601525	1	1	0
854505	0.000012972012	1	1	0
6043	0.000012066040	2	2	0
855886	0.000012972012	1	1	0
56459	0.000012437765	1	1	0
307799	0.000012282005	1	1	0
375010	0.000014198494	2	2	0
25735	0.000013721884	1	1	0
53313	0.000011753654	1	1	0
83797	0.000011549804	1	0	1
79947	0.000011549804	5	0	5
113157	0.000011795132	1	1	0
4276	0.000015796375	3	2	1
343472	0.000012599118	1	1	0
303599	0.000013206569	2	2	0
245446	0.000011549804	1	0	1
20404	0.000012892992	1	1	0
361712	0.000011601525	1	1	0
854778	0.000012972012	1	1	0
56107	0.000017748010	1	1	0
200844	0.000011789142	1	1	0
20873	0.000012902051	4	1	3
69104	0.000018002447	1	1	0
405788	0.000011549804	1	0	1
9194	0.000018646956	2	2	0
64405	0.000012972012	1	1	0
7776	0.000011747464	1	1	0
92196	0.000015363790	2	2	0
851726	0.000012972012	1	1	0
79160	0.000012242806	1	1	0
69260	0.000014104955	2	2	0
259240	0.000012033716	1	1	0
852108	0.000012972012	1	1	0
854131	0.000019874114	1	1	0
281439	0.000011549804	1	0	1
56488	0.000011549804	1	0	1
28940	0.000015248644	1	1	0
107975	0.000012892992	1	1	0
6939	0.000012076554	1	1	0
29635	0.000011601525	1	1	0
399461	0.000011549804	1	0	1
69202	0.000011549804	1	0	1
80183	0.000014394176	2	2	0
17451	0.000013988972	1	1	0
171177	0.000014969544	1	1	0
644934	0.000012173008	1	1	0
855943	0.000012972012	1	1	0
92312	0.000011613812	2	1	1
125111	0.000011549804	1	0	1
17164	0.000011891214	1	1	0
129521	0.000018587300	1	1	0
13823	0.000014306504	2	2	0
55065	0.000013405465	2	1	1
64516	0.000013862128	1	1	0
683	0.000011549804	3	0	3
24297	0.000012750553	1	1	0
15461	0.000011549804	1	0	1
64180	0.000014071115	1	1	0
22982	0.000013676407	1	1	0
51277	0.000015199810	1	1	0
113402	0.000016774745	2	2	0
57502	0.000011549804	2	0	2
440556	0.000011549804	1	0	1
400011	0.000011795132	1	1	0
7558	0.000018526664	2	1	1
5051	0.000024377958	1	1	0
100525777	0.000012780485	1	1	0
56139	0.000011902757	1	1	0
74360	0.000012521101	1	1	0
100131561	0.000011994584	1	1	0
7941	0.000044256410	5	4	1
395839	0.000011549804	1	0	1
388561	0.000011635347	1	1	0
19361	0.000011549804	1	0	1
853784	0.000012013093	1	1	0
168451	0.000015337432	2	2	0
55264	0.000011549804	1	0	1
14661	0.000012974233	1	1	0
266727	0.000013620944	1	1	0
84436	0.000011589791	1	1	0
70620	0.000012892992	1	1	0
53872	0.000012453530	2	2	0
11857	0.000017615547	1	1	0
390321	0.000011976901	1	1	0
399814	0.000012033716	1	1	0
340146	0.000011789142	1	1	0
146378	0.000013163330	1	1	0
100009050	0.000011549804	1	0	1
221711	0.000011549804	1	0	1
146923	0.000012457680	2	2	0
12675	0.000013883560	1	1	0
85301	0.000011601710	1	1	0
22031	0.000014089193	2	2	0
175532	0.000017474219	2	1	1
21912	0.000011887097	1	1	0
10520	0.000014332205	1	1	0
223701	0.000016151457	1	1	0
69710	0.000012538857	1	1	0
148113	0.000011570747	1	1	0
84068	0.000011756927	1	1	0
287931	0.000011549804	1	0	1
3807	0.000012511695	2	1	1
162517	0.000012033716	1	1	0
84765	0.000012618103	1	1	0
856682	0.000012972012	1	1	0
54825	0.000011549804	1	0	1
653162	0.000011795132	1	1	0
14174	0.000011549804	1	0	1
27010	0.000021059864	2	1	1
74112	0.000011549804	1	0	1
30010	0.000011549804	1	0	1
94271	0.000011601525	1	1	0
74365	0.000012282005	1	1	0
140767	0.000032097815	3	2	1
28232	0.000011549804	2	0	2
24245	0.000011601525	1	1	0
16876	0.000013135867	2	2	0
13607	0.000012512344	1	1	0
853318	0.000011549804	1	0	1
855291	0.000012972012	1	1	0
53420	0.000012892992	1	1	0
56193	0.000017215574	2	2	0
22033	0.000016025759	2	2	0
853272	0.000012972012	1	1	0
84684	0.000011549804	1	0	1
281555	0.000011549804	1	0	1
375850	0.000012205847	1	1	0
158584	0.000011549804	1	0	1
220042	0.000012625278	1	1	0
93550	0.000011549804	1	0	1
853357	0.000012972012	1	1	0
2539480	0.000015240553	1	1	0
56981	0.000012337818	1	1	0
166647	0.000011716427	2	1	1
100294190	0.000011549804	1	0	1
64678	0.000012460144	1	1	0
6702	0.000013527778	1	1	0
219287	0.000011549804	1	0	1
513971	0.000012455871	1	1	0
55943	0.000017215574	2	2	0
23308	0.000011549804	2	0	2
855257	0.000012972012	1	1	0
100363176	0.000015872024	1	1	0
43849	0.000017748010	2	1	1
24	0.000011549804	1	0	1
57158	0.000015669907	1	1	0
222553	0.000011549804	1	0	1
400120	0.000011549804	1	0	1
284358	0.000011549804	1	0	1
852617	0.000012972012	1	1	0
83589	0.000015661958	1	1	0
55260	0.000012020908	3	2	1
85345	0.000013204624	1	1	0
63910	0.000011927015	1	1	0
853668	0.000012972012	1	1	0
2703391	0.000011611955	1	1	0
853758	0.000012972012	1	1	0
856584	0.000012972012	1	1	0
830941	0.000011549804	1	0	1
382090	0.000012993377	1	1	0
152078	0.000012033716	1	1	0
64446	0.000017529610	2	1	1
512891	0.000013380587	1	1	0
64106	0.000011549804	1	0	1
171500	0.000011549804	1	0	1
6037	0.000012076554	1	1	0
352909	0.000013119295	2	2	0
56187	0.000013988972	1	1	0
2703420	0.000011611955	1	1	0
28234	0.000011549804	1	0	1
853181	0.000012972012	1	1	0
854734	0.000012972012	1	1	0
852498	0.000012972012	1	1	0
148898	0.000038919541	1	1	0
91227	0.000013672700	1	1	0
619569	0.000011570747	1	1	0
114783	0.000011717050	2	1	1
28825	0.000011549804	1	0	1
20362	0.000012892992	1	1	0
67420	0.000012538857	1	1	0
316265	0.000011601525	1	1	0
727803	0.000011795132	1	1	0
734277	0.000015151604	2	1	1
85460	0.000015909311	1	1	0
25033	0.000011549804	1	0	1
854513	0.000012972012	1	1	0
15239	0.000012972012	1	1	0
54826	0.000013182656	2	2	0
76580	0.000017258130	2	1	1
14960	0.000012545501	1	1	0
310218	0.000013799666	1	1	0
81870	0.000011752301	1	1	0
284613	0.000059575225	2	2	0
285556	0.000012924356	1	1	0
168090	0.000011549804	1	0	1
171082	0.000011601525	1	1	0
100365196	0.000011601525	1	1	0
338094	0.000011549804	1	0	1
104721	0.000012249679	1	1	0
7789	0.000013506700	2	1	1
401474	0.000012180483	1	1	0
856420	0.000012972012	1	1	0
57828	0.000012057148	1	1	0
824128	0.000014786643	1	1	0
89845	0.000013666848	3	3	0
66212	0.000011549804	1	0	1
12034	0.000012963316	1	1	0
57687	0.000011549804	2	0	2
57452	0.000012480055	1	1	0
267012	0.000013111468	1	1	0
9752	0.000011902757	1	1	0
20200	0.000011753654	1	1	0
11308	0.000012716842	1	1	0
100527963	0.000025460228	1	1	0
64645	0.000011589791	1	1	0
67955	0.000013031236	1	1	0
312451	0.000013772558	1	1	0
66593	0.000014784812	1	1	0
280993	0.000011549804	1	0	1
29931	0.000013322513	2	2	0
67630	0.000013883560	1	1	0
19360	0.000012538857	1	1	0
18256	0.000013988972	1	1	0
113984	0.000011549804	1	0	1
643382	0.000011549804	2	0	2
119385	0.000012374201	2	2	0
340390	0.000011549804	1	0	1
200298	0.000013849814	1	1	0
692227	0.000011994584	1	1	0
380451	0.000013365427	1	1	0
287845	0.000011601525	1	1	0
101060200	0.000013259495	1	1	0
116563	0.000013617112	1	1	0
100130302	0.000012337831	1	1	0
85316	0.000014881669	1	1	0
851372	0.000011549804	1	0	1
3565776	0.000011549804	1	0	1
2703379	0.000011611955	1	1	0
167359	0.000011549804	1	0	1
389123	0.000021807406	1	1	0
79652	0.000011917490	1	1	0
31251	0.000011549804	1	0	1
100131827	0.000012441936	1	1	0
677813	0.000011994584	1	1	0
828511	0.000012265472	1	1	0
504856	0.000021183034	1	1	0
25585	0.000028804602	1	1	0
115584	0.000012576419	1	1	0
819731	0.000011549804	1	0	1
835699	0.000012265472	1	1	0
94091	0.000011549804	1	0	1
830424	0.000011549804	1	0	1
117103	0.000012460144	1	1	0
2703358	0.000011611955	1	1	0
856027	0.000012972012	1	1	0
391211	0.000012297423	1	1	0
3747	0.000011549804	1	0	1
852589	0.000012972012	1	1	0
11610	0.000013650670	1	1	0
853447	0.000012972012	1	1	0
24212	0.000011601525	1	1	0
501628	0.000011601525	1	1	0
26236	0.000011549804	1	0	1
100131689	0.000012441936	1	1	0
18701	0.000011549804	1	0	1
851676	0.000012972012	1	1	0
850877	0.000012972012	1	1	0
399473	0.000011549804	1	0	1
827052	0.000012265472	1	1	0
288663	0.000011601525	1	1	0
54299	0.000013104822	1	1	0
65180	0.000011549804	1	0	1
10840	0.000015373806	1	1	0
850744	0.000012127724	1	1	0
4064	0.000017355841	1	1	0
10371	0.000012273861	3	1	2
851617	0.000011549804	1	0	1
18018	0.000012437816	1	1	0
79957	0.000011734072	1	1	0
10333	0.000014983314	3	2	1
853612	0.000012972012	1	1	0
53919	0.000011549804	1	0	1
100361818	0.000019467032	1	1	0
838935	0.000014270322	1	1	0
380481	0.000011549804	1	0	1
252971	0.000013714872	1	1	0
124641	0.000013355392	3	1	2
364834	0.000015872024	1	1	0
10446	0.000011549804	1	0	1
817045	0.000011549804	1	0	1
387357	0.000011549804	1	0	1
219874	0.000011589791	1	1	0
24108	0.000013883560	1	1	0
64066	0.000012792038	1	1	0
256130	0.000012346553	1	1	0
4636	0.000014525912	2	1	1
19070	0.000012892992	1	1	0
84891	0.000011549804	1	0	1
20091	0.000014448197	1	1	0
554236	0.000015340342	2	1	1
135250	0.000011549804	1	0	1
136332	0.000013958209	1	1	0
851332	0.000012972012	1	1	0
3988	0.000011589791	1	1	0
15382	0.000012249679	1	1	0
92370	0.000012149952	2	2	0
828681	0.000014709904	1	1	0
851169	0.000012972012	1	1	0
79758	0.000013392510	1	1	0
12759	0.000011549804	1	0	1
286770	0.000011549804	1	0	1
12937	0.000013015687	1	1	0
387753	0.000012555505	1	1	0
100340842	0.000011549804	2	0	2
733594	0.000011549804	1	0	1
852686	0.000012972012	1	1	0
91433	0.000016303388	2	2	0
852177	0.000012972012	1	1	0
300880	0.000011601525	1	1	0
317705	0.000012088543	1	1	0
4584	0.000015335779	1	1	0
91522	0.000018342539	3	3	0
55937	0.000014767390	3	2	1
283600	0.000011549804	2	0	2
81832	0.000011683148	1	1	0
396040	0.000011549804	1	0	1
853149	0.000012972012	1	1	0
10745	0.000011916641	1	1	0
55539	0.000011976901	1	1	0
208650	0.000012538857	1	1	0
56705	0.000011887097	1	1	0
83718	0.000011549804	1	0	1
54067	0.000012033716	1	1	0
56725	0.000013838232	1	1	0
338751	0.000014003973	1	1	0
18708	0.000014990434	2	2	0
253559	0.000011757307	1	1	0
13998	0.000014881817	1	1	0
100157327	0.000012418859	1	1	0
286987	0.000011601525	1	1	0
66934	0.000011549804	1	0	1
132851	0.000014744714	3	2	1
853920	0.000012972012	1	1	0
23250	0.000013039132	3	2	1
33505	0.000011549804	1	0	1
855655	0.000012972012	1	1	0
100361858	0.000011601525	1	1	0
12343	0.000014727889	3	3	0
838633	0.000017336149	1	1	0
506900	0.000013361705	1	1	0
161176	0.000011549804	1	0	1
28639	0.000012077490	1	1	0
71804	0.000012716842	1	1	0
284207	0.000012663048	1	1	0
856700	0.000012972012	1	1	0
733264	0.000011549804	1	0	1
53838	0.000011549804	1	0	1
83620	0.000011549804	1	0	1
23437	0.000014168793	1	1	0
851493	0.000012972012	1	1	0
2703407	0.000011611955	1	1	0
55997	0.000011549804	1	0	1
164091	0.000015548858	2	2	0
100359517	0.000011601525	1	1	0
856519	0.000011549804	1	0	1
677833	0.000011994584	1	1	0
23245	0.000012580987	2	1	1
246182	0.000011601710	1	1	0
57600	0.000011549804	1	0	1
303185	0.000026265990	2	2	0
18033	0.000013459907	1	1	0
347273	0.000014188109	2	1	1
380559	0.000014325897	1	1	0
856247	0.000012972012	1	1	0
389206	0.000013460343	1	1	0
219855	0.000011549804	1	0	1
226778	0.000012963316	1	1	0
11472	0.000012516415	1	1	0
83766	0.000013972494	1	1	0
283869	0.000016051004	2	2	0
854130	0.000012972012	1	1	0
79153	0.000012593253	1	1	0
786	0.000011549804	1	0	1
361732	0.000011601525	1	1	0
108058	0.000014306504	2	2	0
79157	0.000011917490	1	1	0
427887	0.000013771917	1	1	0
287571	0.000011601525	1	1	0
13211	0.000012249679	1	1	0
441476	0.000011549804	1	0	1
10343	0.000019097185	2	2	0
653566	0.000011570747	1	1	0
30062	0.000012109740	1	1	0
239027	0.000012716842	1	1	0
15242	0.000012288361	1	1	0
84650	0.000027600666	2	2	0
9308	0.000011549804	2	0	2
301458	0.000011601525	1	1	0
56327	0.000016484458	1	1	0
114559	0.000011549804	1	0	1
100130417	0.000012972012	1	1	0
12571	0.000013883560	1	1	0
305288	0.000011601525	1	1	0
74268	0.000012282005	1	1	0
16772	0.000011549804	2	0	2
5023	0.000014824689	2	1	1
91461	0.000011847652	1	1	0
165545	0.000011601710	1	1	0
17347	0.000016476868	2	2	0
222234	0.000012850220	1	1	0
326273	0.000011549804	1	0	1
595136	0.000012963316	1	1	0
851073	0.000012972012	1	1	0
831020	0.000012265472	1	1	0
150290	0.000013254730	1	1	0
499110	0.000013799666	1	1	0
854495	0.000012972012	1	1	0
18227	0.000011549804	1	0	1
833541	0.000012265472	1	1	0
4494	0.000012347827	2	1	1
29810	0.000011753654	1	1	0
75829	0.000011549804	1	0	1
76007	0.000013065646	1	1	0
216831	0.000012892992	1	1	0
4826	0.000013270934	2	1	1
310378	0.000011601525	1	1	0
851557	0.000014222414	1	1	0
21813	0.000013535406	1	1	0
211949	0.000013812959	1	1	0
79755	0.000012438162	1	1	0
9407	0.000013202817	1	1	0
390531	0.000012154367	1	1	0
115653	0.000011549804	1	0	1
22854	0.000011549804	1	0	1
797	0.000012021660	2	1	1
728957	0.000013015687	1	1	0
820102	0.000012265472	1	1	0
123264	0.000014956444	2	2	0
26431	0.000013883560	1	1	0
73442	0.000012892992	1	1	0
54741	0.000011589791	2	1	1
851105	0.000012972012	1	1	0
320191	0.000012892992	1	1	0
55277	0.000011549804	1	0	1
79679	0.000014005967	1	1	0
84144	0.000012699250	1	1	0
855176	0.000012972012	1	1	0
22195	0.000011549804	2	0	2
22342	0.000012892992	1	1	0
25751	0.000013799666	1	1	0
127124	0.000011976901	1	1	0
387836	0.000011549804	1	0	1
100431172	0.000021374458	1	1	0
856103	0.000012972012	1	1	0
15110	0.000011988621	1	1	0
131177	0.000011549804	1	0	1
78894	0.000013070123	1	1	0
2703365	0.000011611955	1	1	0
83529	0.000011549804	1	0	1
21940	0.000011549804	1	0	1
3451	0.000012613424	1	1	0
2797	0.000011549804	1	0	1
9283	0.000015591848	1	1	0
137682	0.000013229404	2	2	0
677775	0.000012066040	2	2	0
395832	0.000013886400	1	1	0
19053	0.000011753654	1	1	0
539521	0.000012910231	1	1	0
15901	0.000013903435	1	1	0
223864	0.000012661507	1	1	0
22798	0.000016484414	2	2	0
392465	0.000012573950	1	1	0
59352	0.000017026044	1	1	0
11911	0.000011549804	1	0	1
817200	0.000015579789	1	1	0
60563	0.000011549804	1	0	1
26557	0.000012894171	1	1	0
57440	0.000014420090	1	1	0
79094	0.000011549804	1	0	1
399396	0.000012499893	2	1	1
25621	0.000011601525	1	1	0
14467	0.000012892992	1	1	0
222236	0.000012117697	1	1	0
295230	0.000011601525	1	1	0
820001	0.000012265472	1	1	0
407835	0.000011994584	1	1	0
441246	0.000014320503	2	2	0
1188	0.000011601710	1	1	0
12369	0.000012327795	1	1	0
1306	0.000011589791	1	1	0
653268	0.000012031326	1	1	0
72948	0.000012963316	1	1	0
396440	0.000011549804	1	0	1
2703421	0.000011611955	1	1	0
216233	0.000011549804	2	0	2
221547	0.000011766366	1	1	0
288588	0.000015872024	1	1	0
131601	0.000011799536	2	1	1
216439	0.000012963316	1	1	0
227737	0.000011549804	1	0	1
10877	0.000015306062	2	1	1
851978	0.000012972012	1	1	0
128497	0.000011676952	1	1	0
149563	0.000011549804	1	0	1
851221	0.000012972012	1	1	0
13866	0.000011549804	1	0	1
440519	0.000011828579	1	1	0
74006	0.000011988621	1	1	0
339324	0.000027668910	3	2	1
191573	0.000013799666	1	1	0
2703431	0.000011611955	1	1	0
25469	0.000013838232	1	1	0
74318	0.000011549804	1	0	1
93377	0.000012892992	1	1	0
20860	0.000013988972	1	1	0
852772	0.000011549804	1	0	1
24338	0.000011549804	1	0	1
104886	0.000012892992	1	1	0
398823	0.000011549804	1	0	1
158046	0.000011549804	1	0	1
151242	0.000011549804	1	0	1
27094	0.000011549804	1	0	1
22337	0.000012410613	1	1	0
100361008	0.000011601525	1	1	0
3077539	0.000011549804	1	0	1
60462	0.000014152806	1	1	0
20186	0.000011549804	1	0	1
853705	0.000012972012	2	1	1
353149	0.000083271958	1	1	0
10164	0.000011549804	2	0	2
25981	0.000011549804	1	0	1
824956	0.000011549804	1	0	1
26664	0.000011549804	1	0	1
375611	0.000012841870	1	1	0
855143	0.000012972012	1	1	0
55380	0.000017502110	1	1	0
281791	0.000012910231	1	1	0
854328	0.000012972012	1	1	0
645958	0.000012583294	1	1	0
50856	0.000011549804	1	0	1
852467	0.000012972012	1	1	0
56716	0.000011549804	1	0	1
18082	0.000012892992	1	1	0
125336	0.000013923215	1	1	0
688272	0.000011549804	1	0	1
64466	0.000014015637	1	1	0
388707	0.000011795132	1	1	0
100335534	0.000015241924	1	1	0
389396	0.000013456817	1	1	0
817832	0.000012265472	1	1	0
498284	0.000011601525	1	1	0
51046	0.000014441467	1	1	0
17909	0.000013799666	1	1	0
831870	0.000012265472	1	1	0
67296	0.000011549804	2	0	2
114562	0.000011601525	1	1	0
5483	0.000012280618	1	1	0
22272	0.000012963316	1	1	0
1769	0.000011644708	1	1	0
2703388	0.000011611955	1	1	0
259294	0.000011549804	1	0	1
21781	0.000014783635	2	1	1
360471	0.000011549804	1	0	1
853969	0.000012972012	1	1	0
140880	0.000011549804	1	0	1
50934	0.000011549804	1	0	1
282319	0.000011549804	1	0	1
235106	0.000012963316	1	1	0
67469	0.000011549804	1	0	1
856024	0.000012972012	1	1	0
18125	0.000012892992	1	1	0
9082	0.000011988621	1	1	0
56421	0.000012892992	1	1	0
396486	0.000011549804	1	0	1
291981	0.000011549804	1	0	1
70350	0.000012892992	1	1	0
25829	0.000012068822	2	2	0
642812	0.000011795132	1	1	0
401068	0.000011549804	1	0	1
390616	0.000011549804	1	0	1
5301	0.000017016611	1	1	0
158586	0.000011589791	1	1	0
25987	0.000012349368	1	1	0
421534	0.000018167364	2	2	0
157807	0.000018834300	1	1	0
29381	0.000011549804	1	0	1
12648	0.000011549804	1	0	1
235344	0.000011549804	1	0	1
13644	0.000011549804	1	0	1
646377	0.000011771834	1	1	0
105377	0.000013414481	1	1	0
727866	0.000012002207	1	1	0
217012	0.000011971188	1	1	0
150921	0.000014371077	2	2	0
84027	0.000020400235	1	1	0
851723	0.000013270636	1	1	0
79145	0.000014400897	1	1	0
140639	0.000011549804	1	0	1
21838	0.000012963316	1	1	0
4185	0.000011704189	2	1	1
834207	0.000012265472	1	1	0
13388	0.000016462131	1	1	0
835411	0.000011549804	1	0	1
406891	0.000012566410	2	2	0
55328	0.000012169698	1	1	0
13682	0.000013395848	1	1	0
57722	0.000011907096	1	1	0
14202	0.000012442531	1	1	0
22596	0.000013573926	1	1	0
66108	0.000012963316	1	1	0
158158	0.000014836144	1	1	0
100348842	0.000019467032	2	1	1
260429	0.000011549804	1	0	1
213019	0.000011549804	1	0	1
79683	0.000011589791	1	1	0
852977	0.000012972012	1	1	0
90462	0.000013103639	1	1	0
219654	0.000011744063	1	1	0
304543	0.000011601525	1	1	0
399457	0.000012282005	1	1	0
15258	0.000014054923	1	1	0
729727	0.000011725778	1	1	0
200261	0.000013202817	3	1	2
853777	0.000012972012	1	1	0
246269	0.000014318013	1	1	0
326594	0.000014411543	1	1	0
1767	0.000011549804	1	0	1
23807	0.000015340030	1	1	0
100288805	0.000012972012	1	1	0
224727	0.000014279793	1	1	0
77113	0.000011549804	1	0	1
850930	0.000013275389	1	1	0
653219	0.000017069106	1	1	0
850385	0.000012972012	1	1	0
100353054	0.000015152021	1	1	0
836200	0.000012265472	1	1	0
854373	0.000012972012	1	1	0
56350	0.000016484458	1	1	0
401288	0.000051444183	1	1	0
106894	0.000012547547	1	1	0
13505	0.000019779878	1	1	0
852317	0.000012972012	1	1	0
296966	0.000011601525	1	1	0
285231	0.000011549804	2	0	2
91851	0.000023528940	1	1	0
389941	0.000011549804	1	0	1
25747	0.000012605518	2	1	1
728441	0.000018194390	1	1	0
388558	0.000012392793	1	1	0
100507321	0.000012972012	1	1	0
14815	0.000011549804	1	0	1
84071	0.000015194630	2	2	0
378465	0.000011750532	2	1	1
851061	0.000012972012	1	1	0
18514	0.000013865102	1	1	0
54807	0.000012142184	1	1	0
50801	0.000013634580	2	1	1
18952	0.000012892992	1	1	0
256158	0.000011674794	1	1	0
101	0.000016228725	1	1	0
124093	0.000011549804	1	0	1
6581	0.000014863123	2	2	0
502887	0.000011601525	1	1	0
14269	0.000012892992	1	1	0
9084	0.000083271958	1	1	0
17721	0.000012963316	1	1	0
193034	0.000104307528	1	1	0
653857	0.000012170906	1	1	0
83744	0.000011845630	1	1	0
67145	0.000012892992	1	1	0
284098	0.000011653221	1	1	0
787528	0.000015652177	1	1	0
499485	0.000011601525	1	1	0
14682	0.000013605249	1	1	0
51136	0.000011784920	3	2	1
382913	0.000012972012	1	1	0
145376	0.000011717050	1	1	0
399314	0.000011549804	1	0	1
33114	0.000013322817	1	1	0
68202	0.000012963316	1	1	0
199713	0.000011549804	1	0	1
855691	0.000012972012	1	1	0
14702	0.000013372753	1	1	0
221393	0.000012033716	1	1	0
731682	0.000011549804	1	0	1
148014	0.000012426347	1	1	0
286906	0.000011601525	1	1	0
440419	0.000014940831	2	2	0
254879	0.000011907096	1	1	0
390151	0.000011683148	1	1	0
17494231	0.000014241497	1	1	0
339184	0.000011549804	1	0	1
3077490	0.000014722195	1	1	0
108888	0.000012249679	1	1	0
10396	0.000011549804	1	0	1
831738	0.000012265472	1	1	0
853796	0.000013097534	1	1	0
851264	0.000012972012	1	1	0
644378	0.000011549804	1	0	1
51705	0.000014461236	3	2	1
817719	0.000012265472	1	1	0
287876	0.000013799666	1	1	0
285195	0.000011771923	1	1	0
52463	0.000017198047	1	1	0
81575	0.000011744104	1	1	0
100033821	0.000011972613	1	1	0
853311	0.000012972012	1	1	0
116502	0.000013503939	1	1	0
594865	0.000014015637	1	1	0
26442	0.000011753654	1	1	0
67333	0.000017829115	3	3	0
238880	0.000012892992	1	1	0
235604	0.000012892992	1	1	0
17240	0.000011549804	1	0	1
54350	0.000011601525	1	1	0
853552	0.000011549804	1	0	1
116064	0.000012180475	2	2	0
234729	0.000012892992	1	1	0
149465	0.000011549804	1	0	1
84275	0.000014071529	2	2	0
50632	0.000013612726	1	1	0
5651	0.000012333512	2	1	1
84777	0.000011549804	1	0	1
854026	0.000012972012	1	1	0
56699	0.000013883560	1	1	0
16792	0.000012892992	1	1	0
56265	0.000013031762	1	1	0
56444	0.000011549804	1	0	1
64693	0.000011601710	1	1	0
50506	0.000011549804	1	0	1
9843	0.000011570747	1	1	0
255025	0.000012033716	1	1	0
7757	0.000012288361	1	1	0
387911	0.000012204781	1	1	0
18015	0.000012892992	1	1	0
100360573	0.000011601525	1	1	0
128646	0.000011856281	1	1	0
855552	0.000012972012	1	1	0
221143	0.000012141352	1	1	0
18476	0.000014008307	1	1	0
152877	0.000011549804	1	0	1
10561	0.000012002207	1	1	0
9827	0.000011549804	2	0	2
18195	0.000015768178	1	1	0
9560	0.000013468362	1	1	0
853385	0.000011549804	1	0	1
257062	0.000017026044	1	1	0
341359	0.000016218406	1	1	0
466165	0.000011549804	1	0	1
643253	0.000013456817	1	1	0
56948	0.000012117697	1	1	0
25976	0.000013184021	2	1	1
19222	0.000012548773	1	1	0
337873	0.000011885211	1	1	0
855228	0.000011549804	1	0	1
19230	0.000013988972	1	1	0
57047	0.000013734802	1	1	0
64288	0.000012015056	1	1	0
25149	0.000017091230	1	1	0
79690	0.000011549804	1	0	1
84848	0.000011549804	1	0	1
23275	0.000012418859	1	1	0
6076	0.000015607899	1	1	0
362891	0.000011601525	1	1	0
160335	0.000011771834	1	1	0
856805	0.000012972012	1	1	0
835341	0.000012265472	1	1	0
126295	0.000015948573	4	2	2
114804	0.000016345907	1	1	0
15979	0.000013559677	1	1	0
353322	0.000016450061	1	1	0
381290	0.000012892992	1	1	0
541565	0.000014899342	1	1	0
2540720	0.000011549804	1	0	1
91561	0.000012346047	1	1	0
54581	0.000011549804	1	0	1
93058	0.000011601710	1	1	0
346606	0.000011549804	1	0	1
379673	0.000011549804	1	0	1
922	0.000011549804	1	0	1
84839	0.000011757195	1	1	0
342510	0.000011549804	1	0	1
59069	0.000012175039	2	2	0
850327	0.000012972012	1	1	0
645432	0.000012031326	1	1	0
1133	0.000011549804	1	0	1
11037	0.000011674794	1	1	0
856287	0.000012972012	1	1	0
11450	0.000013052315	1	1	0
406952	0.000011549804	1	0	1
29677	0.000011549804	1	0	1
653689	0.000012625278	2	1	1
9906	0.000011589791	1	1	0
795	0.000011683148	1	1	0
852440	0.000015983508	1	1	0
374739	0.000026109967	1	1	0
10744	0.000011549804	2	0	2
92241	0.000011549804	1	0	1
344382	0.000013413537	2	2	0
644464	0.000011795132	1	1	0
57149	0.000011549804	1	0	1
853118	0.000012972012	1	1	0
51214	0.000013102141	1	1	0
28919	0.000011982554	1	1	0
246777	0.000012618103	1	1	0
1270128	0.000011778583	1	1	0
29681	0.000011601525	1	1	0
57571	0.000011549804	1	0	1
850370	0.000012972012	1	1	0
3820	0.000014428395	2	1	1
22335	0.000012963316	1	1	0
818269	0.000012265472	1	1	0
50836	0.000011549804	1	0	1
386607	0.000011589791	1	1	0
66694	0.000012963316	1	1	0
3707497	0.000013527028	2	1	1
375057	0.000015602436	1	1	0
854192	0.000012972012	1	1	0
68375	0.000012963316	1	1	0
282969	0.000012108335	1	1	0
26611	0.000011753654	1	1	0
26476	0.000011549804	1	0	1
664713	0.000011549804	1	0	1
318846	0.000011549804	1	0	1
641434	0.000011601525	1	1	0
80255	0.000011813918	1	1	0
8632	0.000013567252	1	1	0
340784	0.000016292751	2	2	0
55289	0.000012337831	1	1	0
269589	0.000023291111	1	1	0
821147	0.000012265472	1	1	0
60352	0.000011549804	1	0	1
19822	0.000011549804	2	0	2
814701	0.000012265472	1	1	0
724102	0.000011621259	1	1	0
2981	0.000011549804	3	0	3
147837	0.000011549804	1	0	1
768213	0.000011570747	1	1	0
50487	0.000011549804	2	0	2
154790	0.000014959609	2	2	0
90141	0.000011706802	2	2	0
3110	0.000011908828	1	1	0
24068	0.000011753654	1	1	0
54674	0.000011613812	1	1	0
287155	0.000015951728	1	1	0
114038	0.000011549804	1	0	1
852296	0.000012972012	1	1	0
113540	0.000011683148	1	1	0
161829	0.000017610713	1	1	0
281790	0.000012910231	1	1	0
9856	0.000011549804	2	0	2
100129387	0.000012080127	2	2	0
286319	0.000015199562	2	2	0
819374	0.000012265472	1	1	0
850951	0.000012972012	1	1	0
853267	0.000012972012	1	1	0
855512	0.000012972012	1	1	0
83998	0.000015373806	1	1	0
79611	0.000011549804	1	0	1
340273	0.000011549804	1	0	1
6039	0.000013910491	1	1	0
685005	0.000011601525	1	1	0
729092	0.000012031326	1	1	0
2953	0.000011549804	1	0	1
57165	0.000011907096	1	1	0
855238	0.000012972012	1	1	0
16438	0.000012892992	1	1	0
15191	0.000012902051	1	1	0
4330	0.000011601710	3	1	2
851942	0.000012972012	1	1	0
22273	0.000012963316	1	1	0
284685	0.000011795132	1	1	0
440503	0.000018492531	4	1	3
54196	0.000012249679	1	1	0
27328	0.000011717050	1	1	0
306942	0.000011601525	1	1	0
223828	0.000018015755	1	1	0
55063	0.000012953646	1	1	0
29670	0.000011601525	1	1	0
26533	0.000011683148	1	1	0
221416	0.000012601807	1	1	0
17709	0.000012963316	1	1	0
852284	0.000011752301	1	1	0
1006	0.000011549804	1	0	1
56317	0.000014447113	1	1	0
84541	0.000011771834	1	1	0
59326	0.000012273861	1	1	0
285829	0.000011795132	1	1	0
58476	0.000011549804	2	0	2
24407	0.000011753654	1	1	0
316531	0.000011601525	1	1	0
552889	0.000012776613	2	2	0
388077	0.000011549804	1	0	1
14375	0.000013573926	1	1	0
158724	0.000012509017	1	1	0
9834	0.000011549804	1	0	1
51768	0.000011589791	1	1	0
831660	0.000012265472	1	1	0
856579	0.000012972012	1	1	0
850569	0.000012972012	1	1	0
400949	0.000011601710	1	1	0
127396	0.000011549804	1	0	1
850397	0.000012972012	1	1	0
854698	0.000012972012	1	1	0
15184	0.000016397200	1	1	0
856217	0.000012972012	1	1	0
282618	0.000017367010	1	1	0
71833	0.000014143111	1	1	0
338661	0.000011717050	1	1	0
820443	0.000011549804	1	0	1
255252	0.000013144575	2	2	0
94062	0.000013902206	1	1	0
11775	0.000012524181	1	1	0
4991	0.000011549804	1	0	1
29477	0.000013923215	1	1	0
300711	0.000011549804	1	0	1
12406	0.000011971188	1	1	0
851946	0.000012972012	1	1	0
53560	0.000011549804	1	0	1
835875	0.000014709904	1	1	0
65192	0.000011549804	1	0	1
14674	0.000013883560	1	1	0
17217	0.000013365427	1	1	0
394261	0.000011917490	1	1	0
854229	0.000012972012	1	1	0
24105	0.000015340030	1	1	0
308718	0.000012244400	1	1	0
285051	0.000014890793	1	1	0
268977	0.000015125220	1	1	0
232975	0.000013204903	1	1	0
834951	0.000012265472	1	1	0
66865	0.000013988972	1	1	0
53942	0.000016739532	1	1	0
692053	0.000011994584	1	1	0
735045	0.000011549804	1	0	1
50907	0.000013883560	2	1	1
289561	0.000015872024	1	1	0
734287	0.000012907860	1	1	0
23232	0.000011891214	1	1	0
252853	0.000014080889	1	1	0
83701	0.000012249679	1	1	0
18186	0.000011549804	1	0	1
728953	0.000011795132	1	1	0
24668	0.000011877710	1	1	0
57475	0.000017687769	1	1	0
123346	0.000013953935	1	1	0
855203	0.000011549804	1	0	1
94030	0.000011873999	1	1	0
4337672	0.000011549804	1	0	1
852239	0.000012972012	1	1	0
348158	0.000012002207	1	1	0
83856	0.000012618103	2	1	1
1259	0.000029546975	1	1	0
4197	0.000013948393	1	1	0
125981	0.000012688417	1	1	0
54508	0.000012371902	1	1	0
728841	0.000012972012	1	1	0
11166	0.000011654643	1	1	0
842094	0.000012265472	1	1	0
57094	0.000013090392	1	1	0
306007	0.000011601525	1	1	0
285704	0.000017658453	1	1	0
856351	0.000012972012	1	1	0
84696	0.000011549804	1	0	1
852876	0.000012972012	1	1	0
362715	0.000012121680	1	1	0
139065	0.000012618103	1	1	0
304670	0.000011601525	1	1	0
340595	0.000012380535	1	1	0
855607	0.000011549804	1	0	1
379626	0.000012598683	1	1	0
10229	0.000012442954	1	1	0
824489	0.000012265472	1	1	0
6302	0.000011589791	1	1	0
222659	0.000012033716	1	1	0
19820	0.000012282005	1	1	0
100169758	0.000013949448	1	1	0
254158	0.000011549804	1	0	1
217232	0.000011549804	1	0	1
73826	0.000012963316	1	1	0
100359753	0.000011601525	1	1	0
850614	0.000012972012	1	1	0
442253	0.000011894276	1	1	0
353513	0.000011549804	1	0	1
13838	0.000011549804	1	0	1
80219	0.000011589791	1	1	0
23666	0.000012087709	2	2	0
224170	0.000013790075	1	1	0
20540	0.000019538315	1	1	0
308901	0.000011549804	1	0	1
574	0.000011549804	1	0	1
29619	0.000011549804	2	0	2
16178	0.000011549804	1	0	1
27170	0.000012931657	1	1	0
850819	0.000011549804	1	0	1
12017	0.000011549804	1	0	1
54993	0.000013204417	1	1	0
51810	0.000012249679	1	1	0
7195	0.000011549804	1	0	1
728712	0.000013611361	1	1	0
856504	0.000012972012	1	1	0
853540	0.000012972012	1	1	0
17687	0.000012824263	1	1	0
81785	0.000016151457	1	1	0
850396	0.000012972012	1	1	0
852202	0.000012972012	1	1	0
316521	0.000011601525	1	1	0
11556	0.000011549804	1	0	1
16332	0.000012538857	1	1	0
83454	0.000011549804	1	0	1
29445	0.000011601525	1	1	0
6568	0.000012548773	1	1	0
285148	0.000011752301	1	1	0
57258	0.000012288361	1	1	0
16985	0.000013988972	1	1	0
54587	0.000011549804	1	0	1
58205	0.000013631448	1	1	0
855243	0.000012972012	1	1	0
266675	0.000011601710	1	1	0
122258	0.000012031326	1	1	0
360650	0.000011601525	1	1	0
843577	0.000012265472	1	1	0
150291	0.000012624310	1	1	0
28424	0.000013661903	1	1	0
280922	0.000017085346	1	1	0
839145	0.000012524181	1	1	0
853610	0.000012972012	1	1	0
27041	0.000012249679	1	1	0
855346	0.000012972012	1	1	0
146212	0.000017286662	1	1	0
854371	0.000016154740	1	1	0
347344	0.000012462204	1	1	0
851554	0.000011549804	1	0	1
53369	0.000035919562	1	1	0
855750	0.000012972012	1	1	0
67128	0.000013372753	1	1	0
64539	0.000011601525	1	1	0
16180	0.000011549804	1	0	1
850963	0.000012972012	1	1	0
79762	0.000011549804	1	0	1
100131863	0.000012375519	2	2	0
17184	0.000013592867	2	2	0
301513	0.000014315415	1	1	0
1038	0.000011549804	2	0	2
50788	0.000018428473	1	1	0
362161	0.000011549804	1	0	1
408248	0.000011601525	1	1	0
12859	0.000012963316	1	1	0
257054	0.000011549804	1	0	1
282890	0.000011549804	1	0	1
6368	0.000011549804	2	0	2
11172	0.000011549804	1	0	1
100358702	0.000011549804	1	0	1
55613	0.000011549804	1	0	1
54207	0.000011717050	1	1	0
342898	0.000011549804	1	0	1
9263	0.000014164595	1	1	0
329064	0.000012984636	1	1	0
14816	0.000011549804	1	0	1
13629	0.000012337831	1	1	0
29989	0.000012953326	1	1	0
100360508	0.000011601525	1	1	0
315707	0.000020400235	1	1	0
192662	0.000017615547	1	1	0
677826	0.000011994584	1	1	0
17755	0.000012963316	1	1	0
647000	0.000012717626	1	1	0
56353	0.000011549804	1	0	1
6038	0.000011617139	1	1	0
100132992	0.000014412811	1	1	0
834173	0.000012948413	1	1	0
20615	0.000011887097	1	1	0
852372	0.000012972012	1	1	0
83803	0.000011549804	1	0	1
728039	0.000028272067	1	1	0
56783	0.000014666893	1	1	0
24409	0.000013799666	1	1	0
9719	0.000011549804	1	0	1
33981	0.000011549804	1	0	1
9488	0.000011847652	1	1	0
852113	0.000012972012	1	1	0
71893	0.000013883560	1	1	0
171503	0.000011891214	1	1	0
729774	0.000011795132	1	1	0
653394	0.000013938824	1	1	0
282996	0.000011738765	1	1	0
90649	0.000083271958	1	1	0
121256	0.000011717050	1	1	0
59009	0.000015252236	1	1	0
852004	0.000012972012	1	1	0
10990	0.000011917490	1	1	0
100271357	0.000011812087	1	1	0
729408	0.000018024012	1	1	0
621893	0.000012963316	1	1	0
35801	0.000013322817	1	1	0
26810	0.000011994584	1	1	0
387597	0.000012499893	1	1	0
2543682	0.000011549804	1	0	1
54225	0.000013798410	1	1	0
147166	0.000013727755	1	1	0
679712	0.000011601525	1	1	0
853433	0.000012972012	1	1	0
284412	0.000011875945	1	1	0
100347570	0.000017225535	1	1	0
10893	0.000011549804	1	0	1
18993	0.000012288361	1	1	0
19041	0.000012762046	1	1	0
856589	0.000012972012	1	1	0
728026	0.000011890274	1	1	0
100289574	0.000012437967	1	1	0
852418	0.000012972012	1	1	0
29300	0.000016151457	1	1	0
127018	0.000011787606	1	1	0
851346	0.000012972012	1	1	0
854670	0.000012972012	1	1	0
91057	0.000011549804	1	0	1
852672	0.000012972012	1	1	0
850998	0.000012972012	1	1	0
100366048	0.000011601525	1	1	0
56663	0.000016741286	1	1	0
66218	0.000012963316	1	1	0
853395	0.000012972012	1	1	0
431855	0.000011549804	1	0	1
854902	0.000012972012	1	1	0
10718	0.000011549804	1	0	1
72900	0.000012963316	1	1	0
162972	0.000012599118	1	1	0
203447	0.000014364938	1	1	0
855362	0.000012972012	1	1	0
645323	0.000014229973	1	1	0
26251	0.000011549804	1	0	1
54664	0.000011783724	1	1	0
143879	0.000012140064	1	1	0
8748	0.000011601710	1	1	0
853249	0.000017881605	1	1	0
853199	0.000012972012	1	1	0
83604	0.000011549804	1	0	1
297756	0.000011601525	1	1	0
111482	0.000012337831	1	1	0
821622	0.000011549804	1	0	1
252857	0.000012273861	1	1	0
73158	0.000012249679	1	1	0
282770	0.000028600057	1	1	0
388531	0.000017774660	1	1	0
855619	0.000012972012	1	1	0
12053	0.000011549804	1	0	1
67150	0.000012282005	1	1	0
20847	0.000011549804	1	0	1
142910	0.000022236891	1	1	0
855415	0.000012972012	1	1	0
283102	0.000012865715	1	1	0
60677	0.000012146744	1	1	0
18022	0.000011549804	1	0	1
171041	0.000011549804	1	0	1
169200	0.000012526423	1	1	0
283050	0.000013200436	1	1	0
852664	0.000013296104	1	1	0
289623	0.000013799666	1	1	0
85416	0.000011601710	1	1	0
100507703	0.000011606828	1	1	0
850952	0.000012972012	1	1	0
31293	0.000011549804	1	0	1
27967	0.000012716842	1	1	0
100293130	0.000011549804	1	0	1
408263	0.000011864452	1	1	0
57436	0.000012397261	1	1	0
746	0.000011549804	1	0	1
4994	0.000011549804	1	0	1
856677	0.000012972012	1	1	0
284106	0.000014096368	1	1	0
855005	0.000011891214	1	1	0
7569	0.000012266126	1	1	0
52055	0.000020730544	1	1	0
255631	0.000015373806	1	1	0
388753	0.000023701574	2	2	0
851531	0.000012345167	1	1	0
1357	0.000012108039	1	1	0
729324	0.000012035846	1	1	0
19727	0.000014794195	1	1	0
192152	0.000011601525	1	1	0
50757	0.000018428473	1	1	0
100131980	0.000012972012	1	1	0
853802	0.000012972012	1	1	0
79844	0.000011917490	1	1	0
161931	0.000011549804	1	0	1
1269	0.000011549804	1	0	1
100529261	0.000011549804	1	0	1
840379	0.000011549804	1	0	1
78957	0.000011549804	1	0	1
852128	0.000012972012	1	1	0
74325	0.000012892992	1	1	0
850343	0.000012972012	1	1	0
20296	0.000012673722	1	1	0
20289	0.000013535398	1	1	0
85012	0.000012294728	1	1	0
3274	0.000014018545	1	1	0
856511	0.000011549804	2	0	2
23880	0.000013809393	1	1	0
90075	0.000011938142	1	1	0
28638	0.000011549804	1	0	1
2524	0.000011771923	1	1	0
50768	0.000011549804	1	0	1
100137718	0.000011549804	1	0	1
83648	0.000015879614	1	1	0
177734	0.000015475314	1	1	0
342979	0.000012031326	1	1	0
8808	0.000015522822	1	1	0
56137	0.000011902757	1	1	0
168507	0.000011789142	1	1	0
127534	0.000012218585	1	1	0
14645	0.000012963316	1	1	0
853942	0.000011549804	1	0	1
57393	0.000015428636	1	1	0
729500	0.000011795132	1	1	0
392510	0.000011549804	1	0	1
828714	0.000011549804	1	0	1
361458	0.000011601525	1	1	0
24128	0.000012716842	1	1	0
856218	0.000011549804	1	0	1
68703	0.000011549804	1	0	1
164668	0.000083271958	1	1	0
23553	0.000021069423	1	1	0
856404	0.000012972012	1	1	0
100506581	0.000011825250	1	1	0
440446	0.000012033716	1	1	0
66679	0.000018147667	1	1	0
728358	0.000012414704	1	1	0
224020	0.000012892992	1	1	0
221002	0.000012948413	1	1	0
79805	0.000011549804	1	0	1
26166	0.000011549804	1	0	1
11227	0.000013552496	1	1	0
700565	0.000013132194	1	1	0
852979	0.000012972012	1	1	0
297417	0.000011601525	1	1	0
29458	0.000011549804	1	0	1
215627	0.000012282005	1	1	0
389170	0.000011613812	1	1	0
113802	0.000013244237	1	1	0
293991	0.000011601525	1	1	0
100293534	0.000011549804	1	0	1
54456	0.000011549804	1	0	1
64520	0.000013799666	1	1	0
100338049	0.000014683203	2	2	0
57124	0.000011549804	1	0	1
856223	0.000014222414	1	1	0
653048	0.000017069106	1	1	0
148198	0.000012002207	1	1	0
378947	0.000011601525	1	1	0
853664	0.000012972012	1	1	0
4308	0.000011549804	1	0	1
3077517	0.000011549804	1	0	1
641649	0.000013845001	1	1	0
54991	0.000011689791	1	1	0
854417	0.000012972012	1	1	0
54441	0.000011549804	1	0	1
51751	0.000012295552	1	1	0
833518	0.000012265472	1	1	0
855055	0.000013482405	1	1	0
19182	0.000011753654	1	1	0
12798	0.000011971188	1	1	0
375449	0.000012527359	1	1	0
24255	0.000015888846	1	1	0
84269	0.000011549804	1	0	1
11840	0.000013052315	1	1	0
64849	0.000011549804	1	0	1
112744	0.000015879614	1	1	0
852294	0.000014375721	1	1	0
850871	0.000012972012	1	1	0
852319	0.000012972012	1	1	0
51384	0.000012193335	1	1	0
2498	0.000011621259	1	1	0
139170	0.000013035582	1	1	0
856352	0.000012972012	1	1	0
850554	0.000012972012	1	1	0
9959	0.000011549804	1	0	1
850889	0.000012972012	1	1	0
56969	0.000016589744	1	1	0
83840	0.000011549804	2	0	2
16172	0.000011549804	1	0	1
810883	0.000014237596	1	1	0
303130	0.000011601525	1	1	0
856422	0.000012972012	1	1	0
151827	0.000011674794	1	1	0
83806	0.000015667423	1	1	0
298648	0.000011601525	1	1	0
56132	0.000011613812	1	1	0
837483	0.000012265472	1	1	0
281099	0.000013176374	1	1	0
11025	0.000011549804	1	0	1
90673	0.000012383247	1	1	0
152559	0.000014794195	1	1	0
140892	0.000011549804	1	0	1
63974	0.000013605602	1	1	0
100366016	0.000011601525	1	1	0
644907	0.000011703703	1	1	0
856705	0.000012972012	1	1	0
15510	0.000011971188	1	1	0
57714	0.000012511695	1	1	0
832562	0.000014709904	1	1	0
23988	0.000013272761	1	1	0
300838	0.000011601525	1	1	0
2540213	0.000011549804	1	0	1
245965	0.000011601525	1	1	0
100132288	0.000012486086	1	1	0
17354	0.000011549804	1	0	1
6554	0.000012697305	1	1	0
852203	0.000012972012	1	1	0
26248	0.000011549804	1	0	1
84070	0.000013507494	1	1	0
201305	0.000011549804	1	0	1
84814	0.000012630475	1	1	0
100009587	0.000015152021	1	1	0
835438	0.000012265472	1	1	0
2703375	0.000011611955	1	1	0
851751	0.000012972012	1	1	0
22367	0.000011549804	1	0	1
360734	0.000011601525	1	1	0
284485	0.000013187246	1	1	0
24551	0.000013799666	1	1	0
139760	0.000011683148	1	1	0
11514	0.000011549804	1	0	1
2691	0.000014824689	1	1	0
149013	0.000012972012	1	1	0
338699	0.000012117697	1	1	0
2615	0.000011549804	1	0	1
318855	0.000011549804	1	0	1
855732	0.000012972012	1	1	0
13176	0.000020391373	1	1	0
100616101	0.000012878920	1	1	0
281040	0.000011549804	1	0	1
363241	0.000011601525	1	1	0
114770	0.000013202817	1	1	0
304881	0.000011601525	1	1	0
30960	0.000012963316	1	1	0
126820	0.000011674157	1	1	0
158763	0.000012010533	1	1	0
25591	0.000016377758	1	1	0
23627	0.000011549804	1	0	1
539235	0.000011549804	1	0	1
404203	0.000011549804	1	0	1
855669	0.000012972012	1	1	0
855753	0.000012972012	1	1	0
53336	0.000011601710	1	1	0
224807	0.000011549804	1	0	1
3355	0.000011549804	1	0	1
850962	0.000012972012	1	1	0
80313	0.000012033716	1	1	0
2703382	0.000011611955	1	1	0
167555	0.000012853803	1	1	0
74256	0.000011549804	1	0	1
8938	0.000013025249	1	1	0
647099	0.000011744104	1	1	0
54083	0.000011773091	1	1	0
25420	0.000011683148	1	1	0
18574	0.000012892992	1	1	0
853853	0.000012972012	1	1	0
23881	0.000012249679	1	1	0
12858	0.000012963316	1	1	0
853641	0.000012972012	1	1	0
239719	0.000016151457	1	1	0
18751	0.000013988972	1	1	0
283372	0.000011928727	1	1	0
11185	0.000011549804	1	0	1
100358690	0.000011549804	1	0	1
57611	0.000011613812	1	1	0
18584	0.000011753654	1	1	0
176507	0.000011549804	1	0	1
850358	0.000012972012	1	1	0
852804	0.000012972012	1	1	0
80731	0.000011549804	1	0	1
9389	0.000012177390	1	1	0
728791	0.000011795132	1	1	0
199920	0.000011549804	1	0	1
17754	0.000012963316	1	1	0
18452	0.000011549804	1	0	1
22844	0.000013023742	2	2	0
157777	0.000018114419	1	1	0
407021	0.000011589791	1	1	0
648791	0.000012383247	1	1	0
100302213	0.000011570747	1	1	0
100009196	0.000012039191	1	1	0
506238	0.000013380587	1	1	0
838174	0.000012265472	1	1	0
11024	0.000013626076	1	1	0
244667	0.000013816883	1	1	0
852853	0.000012972012	1	1	0
227753	0.000011971188	1	1	0
51167	0.000012057148	1	1	0
2703415	0.000011611955	1	1	0
52033	0.000012902051	1	1	0
641340	0.000012716842	1	1	0
19400	0.000012282005	1	1	0
81918	0.000013799666	1	1	0
139378	0.000015754640	1	1	0
18744	0.000011549804	1	0	1
100360522	0.000011601525	1	1	0
